[1, 2, 3, 4, 5, 8, 11, 12, 15, 16, 25, 61, 78, 81, 85, 88, 90, 118, 149, 170, 198, 201, 227, 503]
[87, 64, 92, 94, 96, 175, 177, 179, 180, 191, 194, 196, 197, 203, 229, 792, 1201]
[238, 266, 292, 317, 336, 399, 428, 783, 1074, 1077, 1168]
[319, 296, 499, 583, 686, 687, 824, 825, 1157, 1206]
[403, 465, 564, 599, 710, 869, 1374, 1375, 1376, 2289]
[2145, 2117, 2118, 2146, 2147, 2155, 2156, 2366, 2398, 2509]
[18, 9, 54, 199, 210, 225, 487, 789, 1316]
[359, 509, 548, 872, 1270, 1278, 1402, 1405, 1867]
[908, 276, 308, 395, 396, 437, 594, 1310, 1600]
[89, 86, 112, 113, 144, 468, 786, 1335]
[547, 287, 384, 1358, 1396, 1833, 1835, 2221]
[365, 605, 876, 1338, 1339, 2049, 2264]
[427, 337, 491, 539, 692, 1258, 1429]
[441, 357, 672, 758, 805, 1166, 1822]
[574, 254, 698, 844, 1125, 1747, 1817]
[667, 48, 178, 528, 1132, 1134, 1378]
[833, 321, 334, 346, 694, 835, 1271]
[1225, 312, 496, 498, 684, 1241, 1594]
[1622, 515, 949, 1002, 1618, 1620, 1623]
[1696, 1280, 1282, 1442, 1704, 1705, 1762]
[98, 36, 37, 43, 356, 535]
[297, 462, 656, 693, 1105, 1277]
[379, 541, 633, 1403, 1489, 1695]
[456, 124, 125, 500, 661, 785]
[735, 1640, 1641, 1884, 1885, 1886]
[755, 270, 837, 1286, 1794, 2111]
[855, 1165, 1169, 1349, 1350, 1605]
[948, 1279, 1758, 1760, 1769, 1770]
[955, 513, 1539, 1735, 1736, 2320]
[1616, 733, 925, 985, 1615, 1844]
[1790, 754, 1789, 2301, 2312, 2471]
[91, 109, 114, 123, 536]
[152, 7, 14, 151, 801]
[231, 93, 97, 665, 1119]
[232, 315, 577, 668, 1294]
[233, 33, 53, 157, 165]
[261, 1136, 1137, 1138, 1655]
[271, 166, 207, 209, 544]
[284, 613, 614, 699, 1327]
[311, 578, 670, 1158, 1160]
[320, 21, 95, 690, 691]
[341, 612, 1273, 1487, 1488]
[349, 706, 865, 1365, 1366]
[367, 376, 617, 1272, 1461]
[378, 486, 1076, 1079, 1351]
[394, 729, 1262, 1264, 1265]
[416, 720, 1467, 1680, 1681]
[421, 940, 1579, 1580, 1777]
[566, 1004, 1713, 1715, 1912]
[567, 542, 952, 1725, 1921]
[584, 242, 493, 1456, 1526]
[738, 449, 1533, 1534, 1661]
[761, 939, 1667, 1668, 1836]
[889, 618, 1464, 1465, 1536]
[1530, 326, 512, 909, 1531]
[1842, 767, 1908, 1923, 1924]
[1915, 448, 1514, 1914, 1916]
[39, 223, 534, 715]
[139, 110, 1091, 1205]
[153, 66, 281, 1100]
[158, 13, 44, 127]
[172, 19, 173, 685]
[235, 532, 591, 1188]
[249, 1219, 1220, 1221]
[256, 425, 559, 682]
[262, 507, 586, 1237]
[265, 328, 429, 455]
[273, 595, 608, 1430]
[274, 555, 841, 856]
[301, 454, 696, 1244]
[307, 860, 1001, 1359]
[347, 309, 831, 1348]
[363, 713, 874, 1411]
[406, 451, 1504, 1572]
[411, 596, 849, 1561]
[417, 1476, 1525, 1660]
[442, 816, 1356, 1357]
[476, 631, 1039, 1671]
[508, 716, 1436, 1437]
[666, 288, 797, 1746]
[748, 749, 1035, 1942]
[796, 525, 592, 838]
[845, 1323, 2392, 2466]
[881, 882, 1453, 1917]
[890, 944, 1466, 1468]
[895, 1470, 1557, 1613]
[934, 1647, 1648, 1649]
[945, 740, 1685, 1712]
[1009, 1931, 2070, 2071]
[1057, 2083, 2139, 2142]
[1239, 722, 840, 1311]
[1295, 1296, 1481, 1483]
[1301, 303, 812, 936]
[1471, 896, 1473, 1651]
[1500, 1484, 1486, 1750]
[1558, 450, 1559, 1560]
[1783, 640, 1779, 1780]
[1913, 342, 1006, 1458]
[27, 115, 128]
[29, 74, 322]
[30, 31, 523]
[41, 218, 1419]
[60, 779, 1390]
[67, 1798, 1799]
[103, 133, 1082]
[105, 164, 632]
[129, 145, 1590]
[185, 182, 1069]
[200, 23, 1204]
[205, 35, 787]
[226, 1065, 1072]
[236, 676, 810]
[241, 1193, 1194]
[243, 1195, 1196]
[250, 709, 859]
[253, 744, 1249]
[263, 38, 484]
[264, 817, 818]
[291, 850, 1344]
[306, 414, 1384]
[310, 674, 1493]
[331, 444, 530]
[344, 522, 1291]
[351, 505, 1834]
[373, 883, 998]
[383, 1398, 1399]
[473, 972, 1506]
[474, 904, 1510]
[518, 1257, 1617]
[533, 237, 1518]
[558, 1400, 1401]
[616, 905, 1902]
[651, 557, 1567]
[669, 290, 1175]
[704, 381, 2184]
[728, 626, 2035]
[737, 937, 1659]
[739, 1678, 2307]
[752, 1766, 1889]
[765, 1840, 1919]
[793, 588, 1112]
[795, 460, 1116]
[814, 318, 689]
[858, 1491, 2041]
[980, 1686, 2383]
[982, 1828, 1829]
[1015, 1964, 2196]
[1016, 1965, 2353]
[1036, 1944, 2088]
[1173, 1174, 1177]
[1212, 333, 545]
[1259, 1255, 1427]
[1284, 268, 1285]
[1288, 1287, 1289]
[1388, 424, 1211]
[1392, 603, 1319]
[1422, 607, 1423]
[1452, 1448, 1449]
[1459, 719, 1460]
[1462, 885, 1463]
[1505, 1527, 1528]
[1516, 907, 1517]
[1571, 780, 1387]
[1577, 516, 1578]
[1644, 387, 1645]
[1676, 1674, 1675]
[1691, 302, 540]
[1727, 747, 1728]
[1748, 251, 798]
[1849, 2032, 2033]
[1888, 712, 1887]
[1897, 2021, 2150]
[1901, 1512, 1900]
[1903, 1000, 2053]
[1967, 1966, 1968]
[2037, 2036, 2488]
[2128, 2127, 2440]
[2134, 2133, 2265]
[2164, 1658, 2163]
[17, 1154]
[20, 202]
[22, 159]
[24, 423]
[28, 46]
[50, 1097]
[51, 1153]
[63, 117]
[65, 606]
[72, 1418]
[75, 106]
[76, 1554]
[99, 463]
[100, 186]
[104, 1802]
[131, 1109]
[132, 790]
[138, 1130]
[143, 1801]
[176, 781]
[181, 183]
[193, 259]
[195, 527]
[214, 1090]
[224, 2067]
[230, 683]
[239, 1096]
[244, 1213]
[246, 438]
[247, 820]
[257, 1238]
[258, 2007]
[277, 1325]
[278, 723]
[280, 732]
[282, 1324]
[285, 688]
[286, 753]
[294, 1347]
[298, 597]
[300, 361]
[313, 1455]
[325, 1373]
[330, 485]
[332, 1192]
[335, 1368]
[348, 553]
[364, 2039]
[386, 1537]
[393, 1246]
[401, 839]
[402, 1183]
[408, 1509]
[412, 1832]
[431, 1541]
[432, 1548]
[433, 1569]
[447, 1292]
[452, 843]
[453, 770]
[461, 582]
[469, 1784]
[489, 1133]
[497, 1603]
[501, 1267]
[502, 1113]
[510, 887]
[520, 1673]
[551, 886]
[554, 1492]
[556, 1556]
[562, 928]
[581, 1184]
[590, 1543]
[600, 1570]
[602, 1389]
[604, 627]
[615, 1501]
[620, 914]
[622, 1652]
[625, 1583]
[628, 924]
[637, 954]
[638, 1763]
[642, 1788]
[644, 2040]
[658, 1593]
[659, 1332]
[679, 1698]
[714, 1414]
[725, 1562]
[727, 1582]
[734, 1625]
[742, 1320]
[745, 1911]
[756, 1803]
[757, 1808]
[759, 1823]
[768, 2109]
[772, 906]
[775, 1922]
[778, 2192]
[804, 1163]
[834, 1276]
[846, 1326]
[868, 1391]
[870, 871]
[873, 1450]
[910, 1540]
[917, 1568]
[919, 1573]
[923, 1768]
[927, 1626]
[930, 1742]
[932, 1312]
[935, 1702]
[942, 1672]
[943, 1677]
[947, 1703]
[953, 1732]
[956, 1431]
[964, 1764]
[968, 1791]
[973, 1811]
[977, 978]
[986, 987]
[989, 990]
[991, 992]
[995, 1865]
[997, 1877]
[999, 1890]
[1008, 1918]
[1012, 1955]
[1024, 1048]
[1059, 2406]
[1075, 1078]
[1080, 1394]
[1143, 1740]
[1147, 1151]
[1171, 1245]
[1200, 1490]
[1229, 1839]
[1250, 1544]
[1260, 1428]
[1298, 1421]
[1340, 1341]
[1342, 1443]
[1472, 1475]
[1478, 2170]
[1610, 2395]
[1619, 1621]
[1664, 1666]
[1679, 2505]
[1690, 1693]
[1699, 1701]
[1721, 2055]
[1722, 1932]
[1731, 1733]
[1737, 2230]
[1781, 2233]
[1809, 1810]
[1845, 2110]
[1850, 2031]
[1881, 1882]
[1892, 2213]
[1893, 2132]
[1894, 1895]
[1928, 1930]
[1929, 1987]
[1935, 1936]
[1940, 2317]
[1943, 2089]
[1946, 2091]
[1949, 1950]
[1958, 1959]
[2002, 2003]
[2015, 2464]
[2061, 2369]
[2063, 2064]
[2078, 2079]
[2086, 2087]
[2112, 2352]
[2113, 2114]
[2119, 2120]
[2129, 2130]
[2136, 2315]
[2140, 2141]
[2151, 2152]
[2153, 2154]
[2157, 2158]
[2159, 2160]
[2161, 2162]
[2189, 2336]
[2296, 2470]
[2299, 2533]
[2339, 2340]
[2399, 2400]
[2411, 2454]
[6]
[10]
[26]
[32]
[34]
[40]
[42]
[45]
[47]
[49]
[52]
[55]
[56]
[57]
[58]
[59]
[62]
[68]
[69]
[70]
[71]
[73]
[77]
[79]
[80]
[82]
[83]
[84]
[101]
[102]
[107]
[108]
[111]
[116]
[119]
[120]
[121]
[122]
[126]
[130]
[134]
[135]
[136]
[137]
[140]
[141]
[142]
[146]
[147]
[148]
[150]
[154]
[155]
[156]
[160]
[161]
[162]
[163]
[167]
[168]
[169]
[171]
[174]
[184]
[187]
[188]
[189]
[190]
[192]
[204]
[206]
[208]
[211]
[212]
[213]
[215]
[216]
[217]
[219]
[220]
[221]
[222]
[228]
[234]
[240]
[245]
[248]
[252]
[255]
[260]
[267]
[269]
[272]
[275]
[279]
[283]
[289]
[293]
[295]
[299]
[304]
[305]
[314]
[316]
[323]
[324]
[327]
[329]
[338]
[339]
[340]
[343]
[345]
[350]
[352]
[353]
[354]
[355]
[358]
[360]
[362]
[366]
[368]
[369]
[370]
[371]
[372]
[374]
[375]
[377]
[380]
[382]
[385]
[388]
[389]
[390]
[391]
[392]
[397]
[398]
[400]
[404]
[405]
[407]
[409]
[410]
[413]
[415]
[418]
[419]
[420]
[422]
[426]
[430]
[434]
[435]
[436]
[439]
[440]
[443]
[445]
[446]
[457]
[458]
[459]
[464]
[466]
[467]
[470]
[471]
[472]
[475]
[477]
[478]
[479]
[480]
[481]
[482]
[483]
[488]
[490]
[492]
[494]
[495]
[504]
[506]
[511]
[514]
[517]
[519]
[521]
[524]
[526]
[529]
[531]
[537]
[538]
[543]
[546]
[549]
[550]
[552]
[560]
[561]
[563]
[565]
[568]
[569]
[570]
[571]
[572]
[573]
[575]
[576]
[579]
[580]
[585]
[587]
[589]
[593]
[598]
[601]
[609]
[610]
[611]
[619]
[621]
[623]
[624]
[629]
[630]
[634]
[635]
[636]
[639]
[641]
[643]
[645]
[646]
[647]
[648]
[649]
[650]
[652]
[653]
[654]
[655]
[657]
[660]
[662]
[663]
[664]
[671]
[673]
[675]
[677]
[678]
[680]
[681]
[695]
[697]
[700]
[701]
[702]
[703]
[705]
[707]
[708]
[711]
[717]
[718]
[721]
[724]
[726]
[730]
[731]
[736]
[741]
[743]
[746]
[750]
[751]
[760]
[762]
[763]
[764]
[766]
[769]
[771]
[773]
[774]
[776]
[777]
[782]
[784]
[788]
[791]
[794]
[799]
[800]
[802]
[803]
[806]
[807]
[808]
[809]
[811]
[813]
[815]
[819]
[821]
[822]
[823]
[826]
[827]
[828]
[829]
[830]
[832]
[836]
[842]
[847]
[848]
[851]
[852]
[853]
[854]
[857]
[861]
[862]
[863]
[864]
[866]
[867]
[875]
[877]
[878]
[879]
[880]
[884]
[888]
[891]
[892]
[893]
[894]
[897]
[898]
[899]
[900]
[901]
[902]
[903]
[911]
[912]
[913]
[915]
[916]
[918]
[920]
[921]
[922]
[926]
[929]
[931]
[933]
[938]
[941]
[946]
[950]
[951]
[957]
[958]
[959]
[960]
[961]
[962]
[963]
[965]
[966]
[967]
[969]
[970]
[971]
[974]
[975]
[976]
[979]
[981]
[983]
[984]
[988]
[993]
[994]
[996]
[1003]
[1005]
[1007]
[1010]
[1011]
[1013]
[1014]
[1017]
[1018]
[1019]
[1020]
[1021]
[1022]
[1023]
[1025]
[1026]
[1027]
[1028]
[1029]
[1030]
[1031]
[1032]
[1033]
[1034]
[1037]
[1038]
[1040]
[1041]
[1042]
[1043]
[1044]
[1045]
[1046]
[1047]
[1049]
[1050]
[1051]
[1052]
[1053]
[1054]
[1055]
[1056]
[1058]
[1060]
[1061]
[1062]
[1063]
[1064]
[1066]
[1067]
[1068]
[1070]
[1071]
[1073]
[1081]
[1083]
[1084]
[1085]
[1086]
[1087]
[1088]
[1089]
[1092]
[1093]
[1094]
[1095]
[1098]
[1099]
[1101]
[1102]
[1103]
[1104]
[1106]
[1107]
[1108]
[1110]
[1111]
[1114]
[1115]
[1117]
[1118]
[1120]
[1121]
[1122]
[1123]
[1124]
[1126]
[1127]
[1128]
[1129]
[1131]
[1135]
[1139]
[1140]
[1141]
[1142]
[1144]
[1145]
[1146]
[1148]
[1149]
[1150]
[1152]
[1155]
[1156]
[1159]
[1161]
[1162]
[1164]
[1167]
[1170]
[1172]
[1176]
[1178]
[1179]
[1180]
[1181]
[1182]
[1185]
[1186]
[1187]
[1189]
[1190]
[1191]
[1197]
[1198]
[1199]
[1202]
[1203]
[1207]
[1208]
[1209]
[1210]
[1214]
[1215]
[1216]
[1217]
[1218]
[1222]
[1223]
[1224]
[1226]
[1227]
[1228]
[1230]
[1231]
[1232]
[1233]
[1234]
[1235]
[1236]
[1240]
[1242]
[1243]
[1247]
[1248]
[1251]
[1252]
[1253]
[1254]
[1256]
[1261]
[1263]
[1266]
[1268]
[1269]
[1274]
[1275]
[1281]
[1283]
[1290]
[1293]
[1297]
[1299]
[1300]
[1302]
[1303]
[1304]
[1305]
[1306]
[1307]
[1308]
[1309]
[1313]
[1314]
[1315]
[1317]
[1318]
[1321]
[1322]
[1328]
[1329]
[1330]
[1331]
[1333]
[1334]
[1336]
[1337]
[1343]
[1345]
[1346]
[1352]
[1353]
[1354]
[1355]
[1360]
[1361]
[1362]
[1363]
[1364]
[1367]
[1369]
[1370]
[1371]
[1372]
[1377]
[1379]
[1380]
[1381]
[1382]
[1383]
[1385]
[1386]
[1393]
[1395]
[1397]
[1404]
[1406]
[1407]
[1408]
[1409]
[1410]
[1412]
[1413]
[1415]
[1416]
[1417]
[1420]
[1424]
[1425]
[1426]
[1432]
[1433]
[1434]
[1435]
[1438]
[1439]
[1440]
[1441]
[1444]
[1445]
[1446]
[1447]
[1451]
[1454]
[1457]
[1469]
[1474]
[1477]
[1479]
[1480]
[1482]
[1485]
[1494]
[1495]
[1496]
[1497]
[1498]
[1499]
[1502]
[1503]
[1507]
[1508]
[1511]
[1513]
[1515]
[1519]
[1520]
[1521]
[1522]
[1523]
[1524]
[1529]
[1532]
[1535]
[1538]
[1542]
[1545]
[1546]
[1547]
[1549]
[1550]
[1551]
[1552]
[1553]
[1555]
[1563]
[1564]
[1565]
[1566]
[1574]
[1575]
[1576]
[1581]
[1584]
[1585]
[1586]
[1587]
[1588]
[1589]
[1591]
[1592]
[1595]
[1596]
[1597]
[1598]
[1599]
[1601]
[1602]
[1604]
[1606]
[1607]
[1608]
[1609]
[1611]
[1612]
[1614]
[1624]
[1627]
[1628]
[1629]
[1630]
[1631]
[1632]
[1633]
[1634]
[1635]
[1636]
[1637]
[1638]
[1639]
[1642]
[1643]
[1646]
[1650]
[1653]
[1654]
[1656]
[1657]
[1662]
[1663]
[1665]
[1669]
[1670]
[1682]
[1683]
[1684]
[1687]
[1688]
[1689]
[1692]
[1694]
[1697]
[1700]
[1706]
[1707]
[1708]
[1709]
[1710]
[1711]
[1714]
[1716]
[1717]
[1718]
[1719]
[1720]
[1723]
[1724]
[1726]
[1729]
[1730]
[1734]
[1738]
[1739]
[1741]
[1743]
[1744]
[1745]
[1749]
[1751]
[1752]
[1753]
[1754]
[1755]
[1756]
[1757]
[1759]
[1761]
[1765]
[1767]
[1771]
[1772]
[1773]
[1774]
[1775]
[1776]
[1778]
[1782]
[1785]
[1786]
[1787]
[1792]
[1793]
[1795]
[1796]
[1797]
[1800]
[1804]
[1805]
[1806]
[1807]
[1812]
[1813]
[1814]
[1815]
[1816]
[1818]
[1819]
[1820]
[1821]
[1824]
[1825]
[1826]
[1827]
[1830]
[1831]
[1837]
[1838]
[1841]
[1843]
[1846]
[1847]
[1848]
[1851]
[1852]
[1853]
[1854]
[1855]
[1856]
[1857]
[1858]
[1859]
[1860]
[1861]
[1862]
[1863]
[1864]
[1866]
[1868]
[1869]
[1870]
[1871]
[1872]
[1873]
[1874]
[1875]
[1876]
[1878]
[1879]
[1880]
[1883]
[1891]
[1896]
[1898]
[1899]
[1904]
[1905]
[1906]
[1907]
[1909]
[1910]
[1920]
[1925]
[1926]
[1927]
[1933]
[1934]
[1937]
[1938]
[1939]
[1941]
[1945]
[1947]
[1948]
[1951]
[1952]
[1953]
[1954]
[1956]
[1957]
[1960]
[1961]
[1962]
[1963]
[1969]
[1970]
[1971]
[1972]
[1973]
[1974]
[1975]
[1976]
[1977]
[1978]
[1979]
[1980]
[1981]
[1982]
[1983]
[1984]
[1985]
[1986]
[1988]
[1989]
[1990]
[1991]
[1992]
[1993]
[1994]
[1995]
[1996]
[1997]
[1998]
[1999]
[2000]
[2001]
[2004]
[2005]
[2006]
[2008]
[2009]
[2010]
[2011]
[2012]
[2013]
[2014]
[2016]
[2017]
[2018]
[2019]
[2020]
[2022]
[2023]
[2024]
[2025]
[2026]
[2027]
[2028]
[2029]
[2030]
[2034]
[2038]
[2042]
[2043]
[2044]
[2045]
[2046]
[2047]
[2048]
[2050]
[2051]
[2052]
[2054]
[2056]
[2057]
[2058]
[2059]
[2060]
[2062]
[2065]
[2066]
[2068]
[2069]
[2072]
[2073]
[2074]
[2075]
[2076]
[2077]
[2080]
[2081]
[2082]
[2084]
[2085]
[2090]
[2092]
[2093]
[2094]
[2095]
[2096]
[2097]
[2098]
[2099]
[2100]
[2101]
[2102]
[2103]
[2104]
[2105]
[2106]
[2107]
[2108]
[2115]
[2116]
[2121]
[2122]
[2123]
[2124]
[2125]
[2126]
[2131]
[2135]
[2137]
[2138]
[2143]
[2144]
[2148]
[2149]
[2165]
[2166]
[2167]
[2168]
[2169]
[2171]
[2172]
[2173]
[2174]
[2175]
[2176]
[2177]
[2178]
[2179]
[2180]
[2181]
[2182]
[2183]
[2185]
[2186]
[2187]
[2188]
[2190]
[2191]
[2193]
[2194]
[2195]
[2197]
[2198]
[2199]
[2200]
[2201]
[2202]
[2203]
[2204]
[2205]
[2206]
[2207]
[2208]
[2209]
[2210]
[2211]
[2212]
[2214]
[2215]
[2216]
[2217]
[2218]
[2219]
[2220]
[2222]
[2223]
[2224]
[2225]
[2226]
[2227]
[2228]
[2229]
[2231]
[2232]
[2234]
[2235]
[2236]
[2237]
[2238]
[2239]
[2240]
[2241]
[2242]
[2243]
[2244]
[2245]
[2246]
[2247]
[2248]
[2249]
[2250]
[2251]
[2252]
[2253]
[2254]
[2255]
[2256]
[2257]
[2258]
[2259]
[2260]
[2261]
[2262]
[2263]
[2266]
[2267]
[2268]
[2269]
[2270]
[2271]
[2272]
[2273]
[2274]
[2275]
[2276]
[2277]
[2278]
[2279]
[2280]
[2281]
[2282]
[2283]
[2284]
[2285]
[2286]
[2287]
[2288]
[2290]
[2291]
[2292]
[2293]
[2294]
[2295]
[2297]
[2298]
[2300]
[2302]
[2303]
[2304]
[2305]
[2306]
[2308]
[2309]
[2310]
[2311]
[2313]
[2314]
[2316]
[2318]
[2319]
[2321]
[2322]
[2323]
[2324]
[2325]
[2326]
[2327]
[2328]
[2329]
[2330]
[2331]
[2332]
[2333]
[2334]
[2335]
[2337]
[2338]
[2341]
[2342]
[2343]
[2344]
[2345]
[2346]
[2347]
[2348]
[2349]
[2350]
[2351]
[2354]
[2355]
[2356]
[2357]
[2358]
[2359]
[2360]
[2361]
[2362]
[2363]
[2364]
[2365]
[2367]
[2368]
[2370]
[2371]
[2372]
[2373]
[2374]
[2375]
[2376]
[2377]
[2378]
[2379]
[2380]
[2381]
[2382]
[2384]
[2385]
[2386]
[2387]
[2388]
[2389]
[2390]
[2391]
[2393]
[2394]
[2396]
[2397]
[2401]
[2402]
[2403]
[2404]
[2405]
[2407]
[2408]
[2409]
[2410]
[2412]
[2413]
[2414]
[2415]
[2416]
[2417]
[2418]
[2419]
[2420]
[2421]
[2422]
[2423]
[2424]
[2425]
[2426]
[2427]
[2428]
[2429]
[2430]
[2431]
[2432]
[2433]
[2434]
[2435]
[2436]
[2437]
[2438]
[2439]
[2441]
[2442]
[2443]
[2444]
[2445]
[2446]
[2447]
[2448]
[2449]
[2450]
[2451]
[2452]
[2453]
[2455]
[2456]
[2457]
[2458]
[2459]
[2460]
[2461]
[2462]
[2463]
[2465]
[2467]
[2468]
[2469]
[2472]
[2473]
[2474]
[2475]
[2476]
[2477]
[2478]
[2479]
[2480]
[2481]
[2482]
[2483]
[2484]
[2485]
[2486]
[2487]
[2489]
[2490]
[2491]
[2492]
[2493]
[2494]
[2495]
[2496]
[2497]
[2498]
[2499]
[2500]
[2501]
[2502]
[2503]
[2504]
[2506]
[2507]
[2508]
[2510]
[2511]
[2512]
[2513]
[2514]
[2515]
[2516]
[2517]
[2518]
[2519]
[2520]
[2521]
[2522]
[2523]
[2524]
[2525]
[2526]
[2527]
[2528]
[2529]
[2530]
[2531]
[2532]
