[120, 7, 27, 29, 45, 47, 71, 90, 112, 121, 122, 123, 124, 126, 127, 128, 134, 136, 139, 142, 144, 148, 150, 156, 164, 172, 278, 281, 550, 554, 1064, 1093]
[1, 2, 3, 4, 5, 9, 11, 13, 14, 15, 17, 18, 19, 20, 23, 25, 32, 33, 35, 44, 63, 93, 250, 654, 2839]
[175, 177, 178, 179, 180, 181, 191, 196, 244, 362, 365, 370, 377, 745, 746, 751, 824, 832, 2205]
[3081, 1038, 1245, 1840, 1841, 1883, 1884, 1894, 1906, 2139, 2140, 2141, 2896, 2923, 3070, 3079, 3080, 3293, 3395]
[517, 6, 57, 83, 151, 282, 466, 513, 543, 548, 549, 562, 659, 814, 818, 887, 892, 1023]
[204, 205, 207, 208, 209, 210, 211, 212, 227, 228, 229, 231, 237, 239, 986, 1669, 2057]
[98, 247, 263, 269, 468, 478, 530, 531, 532, 534, 604, 632, 1193]
[197, 176, 187, 194, 248, 371, 462, 533, 541, 755, 835, 2202, 2702]
[243, 245, 249, 251, 252, 255, 264, 273, 864, 1053, 2600]
[277, 258, 279, 280, 286, 287, 288, 290, 292, 551, 567]
[297, 298, 299, 304, 308, 311, 319, 328, 612, 614, 621]
[346, 69, 125, 130, 135, 161, 334, 335, 356, 358, 816]
[2735, 1591, 1644, 2736, 2737, 2826, 2978, 3088, 3089]
[8, 38, 70, 437, 444, 465, 581, 585]
[419, 402, 404, 413, 420, 424, 430, 1975]
[504, 503, 512, 989, 1116, 1222, 1387, 1664]
[957, 1083, 1500, 1697, 2027, 2153, 2222, 2225]
[1009, 275, 367, 642, 646, 649, 941, 2029]
[1160, 1058, 1295, 1322, 1569, 2391, 2591, 3410]
[1810, 1146, 1761, 1858, 1889, 2779, 2882, 2883]
[2037, 1072, 1334, 1354, 1823, 2136, 2649, 2651]
[464, 246, 259, 260, 262, 467, 609]
[1344, 736, 737, 857, 860, 1717, 2231]
[1513, 427, 1082, 1104, 1190, 1217, 1974]
[1928, 2921, 2922, 2934, 3069, 3078, 3393]
[2365, 1159, 2366, 2367, 2368, 2813, 3269]
[2401, 1351, 1445, 2399, 2400, 2632, 2911]
[138, 523, 526, 653, 1225, 2272]
[206, 215, 216, 226, 1195, 1666]
[266, 253, 582, 584, 591, 592]
[422, 995, 1287, 2095, 2096, 2097]
[495, 683, 793, 909, 1244, 1501]
[682, 687, 698, 1343, 1345, 1704]
[917, 916, 918, 1397, 2955, 2956]
[936, 615, 627, 934, 938, 940]
[1228, 1120, 1435, 1530, 1532, 2364]
[1251, 1145, 1323, 1546, 2740, 2741]
[1262, 1367, 1427, 1428, 1878, 2445]
[1366, 1270, 2507, 2508, 2630, 2631]
[1625, 1046, 1233, 2535, 3085, 3359]
[1648, 1281, 1612, 1646, 2000, 2844]
[2090, 407, 428, 1102, 1394, 1999]
[2442, 1117, 1606, 2443, 2670, 2817]
[2569, 674, 1361, 1563, 1798, 2571]
[2915, 2538, 2539, 2540, 2916, 2917]
[10, 54, 769, 1085, 2129]
[28, 55, 84, 480, 1524]
[37, 544, 1409, 1549, 1849]
[41, 267, 655, 2545, 2838]
[153, 152, 296, 570, 2055]
[182, 827, 829, 1285, 2052]
[283, 51, 293, 565, 2546]
[347, 59, 351, 723, 1482]
[386, 388, 395, 398, 778]
[505, 508, 510, 1249, 1712]
[511, 507, 2189, 2190, 3192]
[657, 43, 104, 1221, 1680]
[691, 789, 929, 2247, 2491]
[760, 326, 332, 744, 1155]
[802, 490, 494, 786, 902]
[815, 519, 520, 1511, 2809]
[843, 491, 499, 502, 1494]
[958, 1077, 1383, 1522, 2317]
[1000, 1232, 1277, 1601, 2623]
[1059, 1238, 1506, 2674, 3003]
[1121, 1741, 1867, 2350, 2351]
[1204, 170, 1749, 2377, 2861]
[1429, 1430, 2462, 2463, 2464]
[1520, 487, 2311, 2312, 2487]
[1677, 1002, 2084, 2085, 2087]
[1684, 1003, 2118, 2119, 2690]
[2050, 1336, 1663, 2051, 2412]
[2105, 289, 558, 1681, 1691]
[2207, 770, 1339, 1714, 2703]
[2360, 788, 1179, 1744, 1965]
[2506, 1554, 2504, 2505, 2800]
[2634, 1216, 1575, 1819, 2633]
[87, 72, 77, 448]
[184, 188, 363, 747]
[190, 198, 1001, 2074]
[199, 203, 538, 610]
[303, 840, 2020, 2209]
[323, 306, 313, 939]
[344, 341, 713, 730]
[379, 189, 374, 828]
[415, 403, 405, 414]
[443, 680, 922, 2717]
[492, 500, 901, 1008]
[576, 295, 573, 1492]
[586, 343, 820, 927]
[637, 634, 890, 2024]
[638, 201, 376, 630]
[672, 668, 991, 2067]
[681, 695, 727, 1229]
[711, 724, 897, 1280]
[722, 22, 80, 339]
[733, 1010, 1382, 2022]
[805, 810, 1158, 2787]
[808, 806, 811, 1544]
[838, 472, 484, 1652]
[841, 850, 1418, 1647]
[852, 853, 856, 858]
[900, 907, 1718, 2162]
[942, 951, 952, 2561]
[967, 1192, 1812, 2622]
[970, 1486, 1987, 1990]
[996, 1129, 1288, 2308]
[1036, 1763, 2267, 2439]
[1086, 1421, 2191, 2392]
[1099, 1176, 2306, 2307]
[1205, 1353, 1754, 2673]
[1328, 1588, 2663, 2728]
[1444, 1815, 2628, 2629]
[1527, 861, 863, 2340]
[1592, 1839, 2798, 2894]
[1641, 416, 1979, 1981]
[1657, 1084, 1172, 2035]
[1702, 766, 2159, 2170]
[1779, 1553, 1780, 3224]
[2064, 997, 2234, 3264]
[2195, 1634, 2192, 2194]
[2246, 787, 1197, 1507]
[2275, 222, 1410, 2276]
[2285, 2287, 2288, 2289]
[2432, 1992, 2433, 2785]
[2446, 628, 1355, 2447]
[2682, 2680, 2685, 3030]
[2752, 2753, 3102, 3103]
[2815, 1185, 1871, 2816]
[2902, 1605, 2901, 2903]
[3016, 2416, 2417, 3015]
[3182, 1461, 2734, 3314]
[12, 16, 99]
[42, 717, 875]
[49, 21, 106]
[52, 715, 725]
[81, 583, 2404]
[92, 471, 595]
[129, 163, 813]
[133, 149, 2086]
[192, 372, 2203]
[218, 213, 232]
[257, 76, 1438]
[276, 768, 994]
[300, 617, 935]
[337, 348, 1656]
[342, 439, 928]
[349, 350, 352]
[411, 409, 426]
[423, 1391, 1670]
[433, 421, 1639]
[440, 559, 2543]
[474, 772, 823]
[515, 528, 529]
[629, 640, 869]
[664, 1792, 2199]
[669, 673, 675]
[710, 706, 708]
[762, 765, 1032]
[821, 569, 822]
[831, 825, 826]
[846, 845, 848]
[868, 596, 2167]
[870, 36, 874]
[879, 101, 2338]
[903, 855, 1481]
[945, 946, 950]
[971, 1983, 1984]
[973, 2048, 2049]
[974, 2299, 2300]
[976, 1218, 1282]
[978, 1289, 2112]
[985, 1388, 1408]
[1021, 1708, 2997]
[1024, 1692, 2132]
[1027, 294, 2103]
[1051, 1377, 1719]
[1055, 2010, 2011]
[1062, 1503, 2038]
[1065, 1294, 1716]
[1067, 1510, 2256]
[1087, 1403, 2243]
[1092, 2001, 2002]
[1106, 2239, 2241]
[1127, 2062, 2065]
[1130, 2319, 2320]
[1139, 2277, 2278]
[1140, 2283, 2284]
[1141, 1529, 2348]
[1148, 1447, 2438]
[1174, 1497, 1775]
[1186, 1436, 2534]
[1194, 866, 886]
[1231, 1767, 2459]
[1248, 3065, 3066]
[1253, 1653, 1735]
[1264, 1432, 1462]
[1269, 3090, 3091]
[1304, 1539, 2419]
[1308, 2472, 2592]
[1309, 2485, 2486]
[1312, 1088, 2305]
[1313, 2519, 2520]
[1342, 1048, 1695]
[1349, 1301, 2363]
[1350, 2387, 2390]
[1356, 2460, 2954]
[1358, 1785, 1863]
[1437, 2536, 3093]
[1455, 1413, 1831]
[1467, 1161, 2797]
[1484, 1988, 3147]
[1508, 1199, 1509]
[1534, 1535, 3330]
[1567, 1440, 2589]
[1581, 1826, 2668]
[1587, 2724, 2725]
[1607, 2818, 3047]
[1609, 1946, 3334]
[1635, 790, 899]
[1655, 68, 107]
[1688, 1056, 1689]
[1770, 636, 2601]
[1861, 2794, 2795]
[1870, 2157, 2814]
[1877, 2822, 2823]
[1892, 2889, 3022]
[1895, 2897, 2900]
[1956, 2732, 3194]
[1976, 1638, 1640]
[1985, 2784, 2786]
[2082, 739, 741]
[2115, 1658, 2126]
[2121, 1685, 2120]
[2155, 1701, 2158]
[2166, 619, 2165]
[2172, 1803, 2174]
[2224, 2221, 2877]
[2396, 1753, 2397]
[2405, 1259, 2237]
[2578, 485, 2705]
[2627, 1307, 1814]
[2650, 1760, 2971]
[2678, 1079, 2676]
[2727, 1458, 3027]
[2749, 1843, 2751]
[2791, 2098, 2985]
[2853, 2851, 2852]
[2880, 2879, 2881]
[2884, 2885, 2886]
[2929, 1904, 3320]
[3158, 2876, 3157]
[26, 118]
[56, 447]
[58, 94]
[67, 475]
[75, 445]
[79, 271]
[85, 635]
[88, 877]
[89, 451]
[91, 1254]
[95, 2023]
[103, 114]
[105, 268]
[108, 119]
[131, 522]
[132, 168]
[141, 2937]
[147, 1721]
[162, 174]
[167, 2025]
[169, 2862]
[185, 753]
[214, 217]
[221, 2696]
[230, 235]
[236, 1043]
[274, 373]
[284, 1548]
[285, 572]
[291, 553]
[301, 1967]
[305, 314]
[310, 325]
[312, 807]
[315, 2700]
[318, 1787]
[320, 1126]
[321, 620]
[322, 1542]
[329, 616]
[333, 2218]
[340, 2160]
[364, 1771]
[366, 385]
[382, 383]
[384, 756]
[389, 781]
[390, 780]
[401, 782]
[406, 408]
[441, 1341]
[446, 1502]
[449, 912]
[456, 2708]
[460, 1175]
[479, 2259]
[489, 1543]
[496, 906]
[506, 1177]
[514, 1132]
[516, 527]
[521, 889]
[525, 2266]
[535, 542]
[536, 547]
[555, 1405]
[578, 2426]
[587, 885]
[593, 2407]
[624, 937]
[643, 2263]
[644, 2699]
[645, 1722]
[647, 2262]
[656, 660]
[666, 667]
[685, 2250]
[686, 2316]
[689, 924]
[696, 2524]
[699, 1364]
[702, 1035]
[721, 2210]
[729, 969]
[734, 1188]
[738, 1191]
[742, 2185]
[748, 830]
[749, 750]
[771, 776]
[774, 1485]
[792, 923]
[794, 795]
[801, 2252]
[803, 933]
[833, 1480]
[836, 1122]
[842, 1125]
[859, 1637]
[893, 894]
[895, 2371]
[896, 1568]
[910, 1384]
[911, 1284]
[919, 2950]
[947, 1416]
[959, 2003]
[961, 1995]
[968, 1464]
[975, 1660]
[981, 2070]
[983, 3231]
[988, 1466]
[992, 1398]
[993, 2111]
[1012, 2163]
[1015, 2017]
[1019, 2117]
[1020, 2173]
[1028, 2187]
[1029, 2215]
[1031, 1881]
[1033, 2184]
[1047, 1679]
[1049, 2182]
[1066, 2235]
[1080, 1406]
[1090, 1593]
[1095, 2193]
[1096, 2206]
[1097, 1402]
[1101, 2007]
[1109, 2339]
[1111, 2349]
[1118, 1725]
[1128, 1726]
[1135, 1173]
[1136, 1682]
[1144, 2413]
[1165, 1574]
[1168, 2473]
[1189, 1422]
[1202, 1732]
[1203, 2107]
[1207, 1423]
[1211, 2498]
[1219, 2009]
[1223, 2258]
[1237, 1573]
[1247, 2180]
[1252, 2293]
[1265, 1547]
[1267, 2494]
[1268, 1551]
[1271, 1786]
[1274, 2579]
[1279, 2636]
[1283, 1580]
[1291, 2134]
[1292, 2148]
[1296, 2301]
[1298, 2310]
[1299, 2500]
[1302, 1747]
[1314, 1558]
[1325, 1838]
[1326, 2635]
[1337, 1585]
[1346, 1728]
[1348, 1742]
[1352, 2402]
[1357, 1768]
[1362, 2573]
[1369, 2661]
[1371, 2669]
[1392, 1676]
[1393, 2093]
[1401, 2208]
[1431, 2441]
[1433, 2530]
[1439, 1820]
[1442, 2608]
[1448, 2671]
[1449, 1827]
[1451, 2689]
[1456, 2756]
[1460, 2733]
[1463, 2757]
[1488, 1505]
[1491, 3001]
[1523, 2318]
[1528, 2346]
[1536, 3084]
[1537, 3034]
[1550, 2481]
[1555, 1784]
[1562, 2562]
[1571, 1772]
[1577, 2769]
[1578, 2655]
[1583, 2692]
[1594, 3040]
[1595, 1847]
[1602, 2803]
[1608, 2821]
[1617, 2875]
[1624, 3239]
[1629, 1931]
[1671, 2060]
[1678, 2100]
[1698, 2154]
[1709, 1710]
[1715, 2216]
[1724, 2265]
[1727, 2292]
[1757, 2415]
[1764, 2440]
[1766, 2457]
[1778, 2502]
[1791, 2528]
[1805, 2595]
[1816, 3288]
[1817, 1818]
[1822, 2648]
[1829, 2687]
[1836, 1837]
[1842, 2746]
[1850, 2765]
[1869, 2810]
[1872, 1873]
[1874, 1875]
[1879, 1880]
[1882, 2824]
[1891, 2888]
[1893, 2895]
[1896, 2907]
[1899, 2910]
[1900, 2913]
[1902, 2924]
[1903, 2925]
[1905, 2933]
[1907, 2935]
[1927, 3214]
[1944, 1945]
[2006, 2183]
[2058, 2078]
[2094, 3276]
[2109, 2977]
[2143, 2149]
[2201, 2551]
[2238, 2240]
[2290, 2912]
[2330, 2332]
[2331, 2333]
[2353, 2357]
[2356, 2517]
[2403, 2829]
[2422, 2423]
[2429, 2431]
[2451, 2452]
[2499, 2501]
[2544, 2549]
[2566, 2567]
[2587, 2588]
[2625, 2626]
[2665, 2666]
[2707, 2799]
[2714, 2715]
[2722, 3319]
[2729, 2730]
[2742, 2744]
[2755, 3055]
[2773, 2778]
[2782, 2783]
[2790, 2792]
[2801, 2802]
[2827, 2828]
[2848, 2849]
[2857, 2858]
[2864, 2865]
[2908, 3277]
[2926, 2927]
[2931, 2932]
[2941, 2942]
[2968, 2969]
[2979, 2980]
[2986, 2987]
[3008, 3009]
[3020, 3245]
[3023, 3024]
[3035, 3036]
[3044, 3045]
[3050, 3051]
[3063, 3064]
[3075, 3076]
[3082, 3083]
[3086, 3087]
[3096, 3097]
[3098, 3099]
[3104, 3105]
[3106, 3107]
[3111, 3445]
[3114, 3115]
[3230, 3408]
[3347, 3417]
[24]
[30]
[31]
[34]
[39]
[40]
[46]
[48]
[50]
[53]
[60]
[61]
[62]
[64]
[65]
[66]
[73]
[74]
[78]
[82]
[86]
[96]
[97]
[100]
[102]
[109]
[110]
[111]
[113]
[115]
[116]
[117]
[137]
[140]
[143]
[145]
[146]
[154]
[155]
[157]
[158]
[159]
[160]
[165]
[166]
[171]
[173]
[183]
[186]
[193]
[195]
[200]
[202]
[219]
[220]
[223]
[224]
[225]
[233]
[234]
[238]
[240]
[241]
[242]
[254]
[256]
[261]
[265]
[270]
[272]
[302]
[307]
[309]
[316]
[317]
[324]
[327]
[330]
[331]
[336]
[338]
[345]
[353]
[354]
[355]
[357]
[359]
[360]
[361]
[368]
[369]
[375]
[378]
[380]
[381]
[387]
[391]
[392]
[393]
[394]
[396]
[397]
[399]
[400]
[410]
[412]
[417]
[418]
[425]
[429]
[431]
[432]
[434]
[435]
[436]
[438]
[442]
[450]
[452]
[453]
[454]
[455]
[457]
[458]
[459]
[461]
[463]
[469]
[470]
[473]
[476]
[477]
[481]
[482]
[483]
[486]
[488]
[493]
[497]
[498]
[501]
[509]
[518]
[524]
[537]
[539]
[540]
[545]
[546]
[552]
[556]
[557]
[560]
[561]
[563]
[564]
[566]
[568]
[571]
[574]
[575]
[577]
[579]
[580]
[588]
[589]
[590]
[594]
[597]
[598]
[599]
[600]
[601]
[602]
[603]
[605]
[606]
[607]
[608]
[611]
[613]
[618]
[622]
[623]
[625]
[626]
[631]
[633]
[639]
[641]
[648]
[650]
[651]
[652]
[658]
[661]
[662]
[663]
[665]
[670]
[671]
[676]
[677]
[678]
[679]
[684]
[688]
[690]
[692]
[693]
[694]
[697]
[700]
[701]
[703]
[704]
[705]
[707]
[709]
[712]
[714]
[716]
[718]
[719]
[720]
[726]
[728]
[731]
[732]
[735]
[740]
[743]
[752]
[754]
[757]
[758]
[759]
[761]
[763]
[764]
[767]
[773]
[775]
[777]
[779]
[783]
[784]
[785]
[791]
[796]
[797]
[798]
[799]
[800]
[804]
[809]
[812]
[817]
[819]
[834]
[837]
[839]
[844]
[847]
[849]
[851]
[854]
[862]
[865]
[867]
[871]
[872]
[873]
[876]
[878]
[880]
[881]
[882]
[883]
[884]
[888]
[891]
[898]
[904]
[905]
[908]
[913]
[914]
[915]
[920]
[921]
[925]
[926]
[930]
[931]
[932]
[943]
[944]
[948]
[949]
[953]
[954]
[955]
[956]
[960]
[962]
[963]
[964]
[965]
[966]
[972]
[977]
[979]
[980]
[982]
[984]
[987]
[990]
[998]
[999]
[1004]
[1005]
[1006]
[1007]
[1011]
[1013]
[1014]
[1016]
[1017]
[1018]
[1022]
[1025]
[1026]
[1030]
[1034]
[1037]
[1039]
[1040]
[1041]
[1042]
[1044]
[1045]
[1050]
[1052]
[1054]
[1057]
[1060]
[1061]
[1063]
[1068]
[1069]
[1070]
[1071]
[1073]
[1074]
[1075]
[1076]
[1078]
[1081]
[1089]
[1091]
[1094]
[1098]
[1100]
[1103]
[1105]
[1107]
[1108]
[1110]
[1112]
[1113]
[1114]
[1115]
[1119]
[1123]
[1124]
[1131]
[1133]
[1134]
[1137]
[1138]
[1142]
[1143]
[1147]
[1149]
[1150]
[1151]
[1152]
[1153]
[1154]
[1156]
[1157]
[1162]
[1163]
[1164]
[1166]
[1167]
[1169]
[1170]
[1171]
[1178]
[1180]
[1181]
[1182]
[1183]
[1184]
[1187]
[1196]
[1198]
[1200]
[1201]
[1206]
[1208]
[1209]
[1210]
[1212]
[1213]
[1214]
[1215]
[1220]
[1224]
[1226]
[1227]
[1230]
[1234]
[1235]
[1236]
[1239]
[1240]
[1241]
[1242]
[1243]
[1246]
[1250]
[1255]
[1256]
[1257]
[1258]
[1260]
[1261]
[1263]
[1266]
[1272]
[1273]
[1275]
[1276]
[1278]
[1286]
[1290]
[1293]
[1297]
[1300]
[1303]
[1305]
[1306]
[1310]
[1311]
[1315]
[1316]
[1317]
[1318]
[1319]
[1320]
[1321]
[1324]
[1327]
[1329]
[1330]
[1331]
[1332]
[1333]
[1335]
[1338]
[1340]
[1347]
[1359]
[1360]
[1363]
[1365]
[1368]
[1370]
[1372]
[1373]
[1374]
[1375]
[1376]
[1378]
[1379]
[1380]
[1381]
[1385]
[1386]
[1389]
[1390]
[1395]
[1396]
[1399]
[1400]
[1404]
[1407]
[1411]
[1412]
[1414]
[1415]
[1417]
[1419]
[1420]
[1424]
[1425]
[1426]
[1434]
[1441]
[1443]
[1446]
[1450]
[1452]
[1453]
[1454]
[1457]
[1459]
[1465]
[1468]
[1469]
[1470]
[1471]
[1472]
[1473]
[1474]
[1475]
[1476]
[1477]
[1478]
[1479]
[1483]
[1487]
[1489]
[1490]
[1493]
[1495]
[1496]
[1498]
[1499]
[1504]
[1512]
[1514]
[1515]
[1516]
[1517]
[1518]
[1519]
[1521]
[1525]
[1526]
[1531]
[1533]
[1538]
[1540]
[1541]
[1545]
[1552]
[1556]
[1557]
[1559]
[1560]
[1561]
[1564]
[1565]
[1566]
[1570]
[1572]
[1576]
[1579]
[1582]
[1584]
[1586]
[1589]
[1590]
[1596]
[1597]
[1598]
[1599]
[1600]
[1603]
[1604]
[1610]
[1611]
[1613]
[1614]
[1615]
[1616]
[1618]
[1619]
[1620]
[1621]
[1622]
[1623]
[1626]
[1627]
[1628]
[1630]
[1631]
[1632]
[1633]
[1636]
[1642]
[1643]
[1645]
[1649]
[1650]
[1651]
[1654]
[1659]
[1661]
[1662]
[1665]
[1667]
[1668]
[1672]
[1673]
[1674]
[1675]
[1683]
[1686]
[1687]
[1690]
[1693]
[1694]
[1696]
[1699]
[1700]
[1703]
[1705]
[1706]
[1707]
[1711]
[1713]
[1720]
[1723]
[1729]
[1730]
[1731]
[1733]
[1734]
[1736]
[1737]
[1738]
[1739]
[1740]
[1743]
[1745]
[1746]
[1748]
[1750]
[1751]
[1752]
[1755]
[1756]
[1758]
[1759]
[1762]
[1765]
[1769]
[1773]
[1774]
[1776]
[1777]
[1781]
[1782]
[1783]
[1788]
[1789]
[1790]
[1793]
[1794]
[1795]
[1796]
[1797]
[1799]
[1800]
[1801]
[1802]
[1804]
[1806]
[1807]
[1808]
[1809]
[1811]
[1813]
[1821]
[1824]
[1825]
[1828]
[1830]
[1832]
[1833]
[1834]
[1835]
[1844]
[1845]
[1846]
[1848]
[1851]
[1852]
[1853]
[1854]
[1855]
[1856]
[1857]
[1859]
[1860]
[1862]
[1864]
[1865]
[1866]
[1868]
[1876]
[1885]
[1886]
[1887]
[1888]
[1890]
[1897]
[1898]
[1901]
[1908]
[1909]
[1910]
[1911]
[1912]
[1913]
[1914]
[1915]
[1916]
[1917]
[1918]
[1919]
[1920]
[1921]
[1922]
[1923]
[1924]
[1925]
[1926]
[1929]
[1930]
[1932]
[1933]
[1934]
[1935]
[1936]
[1937]
[1938]
[1939]
[1940]
[1941]
[1942]
[1943]
[1947]
[1948]
[1949]
[1950]
[1951]
[1952]
[1953]
[1954]
[1955]
[1957]
[1958]
[1959]
[1960]
[1961]
[1962]
[1963]
[1964]
[1966]
[1968]
[1969]
[1970]
[1971]
[1972]
[1973]
[1977]
[1978]
[1980]
[1982]
[1986]
[1989]
[1991]
[1993]
[1994]
[1996]
[1997]
[1998]
[2004]
[2005]
[2008]
[2012]
[2013]
[2014]
[2015]
[2016]
[2018]
[2019]
[2021]
[2026]
[2028]
[2030]
[2031]
[2032]
[2033]
[2034]
[2036]
[2039]
[2040]
[2041]
[2042]
[2043]
[2044]
[2045]
[2046]
[2047]
[2053]
[2054]
[2056]
[2059]
[2061]
[2063]
[2066]
[2068]
[2069]
[2071]
[2072]
[2073]
[2075]
[2076]
[2077]
[2079]
[2080]
[2081]
[2083]
[2088]
[2089]
[2091]
[2092]
[2099]
[2101]
[2102]
[2104]
[2106]
[2108]
[2110]
[2113]
[2114]
[2116]
[2122]
[2123]
[2124]
[2125]
[2127]
[2128]
[2130]
[2131]
[2133]
[2135]
[2137]
[2138]
[2142]
[2144]
[2145]
[2146]
[2147]
[2150]
[2151]
[2152]
[2156]
[2161]
[2164]
[2168]
[2169]
[2171]
[2175]
[2176]
[2177]
[2178]
[2179]
[2181]
[2186]
[2188]
[2196]
[2197]
[2198]
[2200]
[2204]
[2211]
[2212]
[2213]
[2214]
[2217]
[2219]
[2220]
[2223]
[2226]
[2227]
[2228]
[2229]
[2230]
[2232]
[2233]
[2236]
[2242]
[2244]
[2245]
[2248]
[2249]
[2251]
[2253]
[2254]
[2255]
[2257]
[2260]
[2261]
[2264]
[2268]
[2269]
[2270]
[2271]
[2273]
[2274]
[2279]
[2280]
[2281]
[2282]
[2286]
[2291]
[2294]
[2295]
[2296]
[2297]
[2298]
[2302]
[2303]
[2304]
[2309]
[2313]
[2314]
[2315]
[2321]
[2322]
[2323]
[2324]
[2325]
[2326]
[2327]
[2328]
[2329]
[2334]
[2335]
[2336]
[2337]
[2341]
[2342]
[2343]
[2344]
[2345]
[2347]
[2352]
[2354]
[2355]
[2358]
[2359]
[2361]
[2362]
[2369]
[2370]
[2372]
[2373]
[2374]
[2375]
[2376]
[2378]
[2379]
[2380]
[2381]
[2382]
[2383]
[2384]
[2385]
[2386]
[2388]
[2389]
[2393]
[2394]
[2395]
[2398]
[2406]
[2408]
[2409]
[2410]
[2411]
[2414]
[2418]
[2420]
[2421]
[2424]
[2425]
[2427]
[2428]
[2430]
[2434]
[2435]
[2436]
[2437]
[2444]
[2448]
[2449]
[2450]
[2453]
[2454]
[2455]
[2456]
[2458]
[2461]
[2465]
[2466]
[2467]
[2468]
[2469]
[2470]
[2471]
[2474]
[2475]
[2476]
[2477]
[2478]
[2479]
[2480]
[2482]
[2483]
[2484]
[2488]
[2489]
[2490]
[2492]
[2493]
[2495]
[2496]
[2497]
[2503]
[2509]
[2510]
[2511]
[2512]
[2513]
[2514]
[2515]
[2516]
[2518]
[2521]
[2522]
[2523]
[2525]
[2526]
[2527]
[2529]
[2531]
[2532]
[2533]
[2537]
[2541]
[2542]
[2547]
[2548]
[2550]
[2552]
[2553]
[2554]
[2555]
[2556]
[2557]
[2558]
[2559]
[2560]
[2563]
[2564]
[2565]
[2568]
[2570]
[2572]
[2574]
[2575]
[2576]
[2577]
[2580]
[2581]
[2582]
[2583]
[2584]
[2585]
[2586]
[2590]
[2593]
[2594]
[2596]
[2597]
[2598]
[2599]
[2602]
[2603]
[2604]
[2605]
[2606]
[2607]
[2609]
[2610]
[2611]
[2612]
[2613]
[2614]
[2615]
[2616]
[2617]
[2618]
[2619]
[2620]
[2621]
[2624]
[2637]
[2638]
[2639]
[2640]
[2641]
[2642]
[2643]
[2644]
[2645]
[2646]
[2647]
[2652]
[2653]
[2654]
[2656]
[2657]
[2658]
[2659]
[2660]
[2662]
[2664]
[2667]
[2672]
[2675]
[2677]
[2679]
[2681]
[2683]
[2684]
[2686]
[2688]
[2691]
[2693]
[2694]
[2695]
[2697]
[2698]
[2701]
[2704]
[2706]
[2709]
[2710]
[2711]
[2712]
[2713]
[2716]
[2718]
[2719]
[2720]
[2721]
[2723]
[2726]
[2731]
[2738]
[2739]
[2743]
[2745]
[2747]
[2748]
[2750]
[2754]
[2758]
[2759]
[2760]
[2761]
[2762]
[2763]
[2764]
[2766]
[2767]
[2768]
[2770]
[2771]
[2772]
[2774]
[2775]
[2776]
[2777]
[2780]
[2781]
[2788]
[2789]
[2793]
[2796]
[2804]
[2805]
[2806]
[2807]
[2808]
[2811]
[2812]
[2819]
[2820]
[2825]
[2830]
[2831]
[2832]
[2833]
[2834]
[2835]
[2836]
[2837]
[2840]
[2841]
[2842]
[2843]
[2845]
[2846]
[2847]
[2850]
[2854]
[2855]
[2856]
[2859]
[2860]
[2863]
[2866]
[2867]
[2868]
[2869]
[2870]
[2871]
[2872]
[2873]
[2874]
[2878]
[2887]
[2890]
[2891]
[2892]
[2893]
[2898]
[2899]
[2904]
[2905]
[2906]
[2909]
[2914]
[2918]
[2919]
[2920]
[2928]
[2930]
[2936]
[2938]
[2939]
[2940]
[2943]
[2944]
[2945]
[2946]
[2947]
[2948]
[2949]
[2951]
[2952]
[2953]
[2957]
[2958]
[2959]
[2960]
[2961]
[2962]
[2963]
[2964]
[2965]
[2966]
[2967]
[2970]
[2972]
[2973]
[2974]
[2975]
[2976]
[2981]
[2982]
[2983]
[2984]
[2988]
[2989]
[2990]
[2991]
[2992]
[2993]
[2994]
[2995]
[2996]
[2998]
[2999]
[3000]
[3002]
[3004]
[3005]
[3006]
[3007]
[3010]
[3011]
[3012]
[3013]
[3014]
[3017]
[3018]
[3019]
[3021]
[3025]
[3026]
[3028]
[3029]
[3031]
[3032]
[3033]
[3037]
[3038]
[3039]
[3041]
[3042]
[3043]
[3046]
[3048]
[3049]
[3052]
[3053]
[3054]
[3056]
[3057]
[3058]
[3059]
[3060]
[3061]
[3062]
[3067]
[3068]
[3071]
[3072]
[3073]
[3074]
[3077]
[3092]
[3094]
[3095]
[3100]
[3101]
[3108]
[3109]
[3110]
[3112]
[3113]
[3116]
[3117]
[3118]
[3119]
[3120]
[3121]
[3122]
[3123]
[3124]
[3125]
[3126]
[3127]
[3128]
[3129]
[3130]
[3131]
[3132]
[3133]
[3134]
[3135]
[3136]
[3137]
[3138]
[3139]
[3140]
[3141]
[3142]
[3143]
[3144]
[3145]
[3146]
[3148]
[3149]
[3150]
[3151]
[3152]
[3153]
[3154]
[3155]
[3156]
[3159]
[3160]
[3161]
[3162]
[3163]
[3164]
[3165]
[3166]
[3167]
[3168]
[3169]
[3170]
[3171]
[3172]
[3173]
[3174]
[3175]
[3176]
[3177]
[3178]
[3179]
[3180]
[3181]
[3183]
[3184]
[3185]
[3186]
[3187]
[3188]
[3189]
[3190]
[3191]
[3193]
[3195]
[3196]
[3197]
[3198]
[3199]
[3200]
[3201]
[3202]
[3203]
[3204]
[3205]
[3206]
[3207]
[3208]
[3209]
[3210]
[3211]
[3212]
[3213]
[3215]
[3216]
[3217]
[3218]
[3219]
[3220]
[3221]
[3222]
[3223]
[3225]
[3226]
[3227]
[3228]
[3229]
[3232]
[3233]
[3234]
[3235]
[3236]
[3237]
[3238]
[3240]
[3241]
[3242]
[3243]
[3244]
[3246]
[3247]
[3248]
[3249]
[3250]
[3251]
[3252]
[3253]
[3254]
[3255]
[3256]
[3257]
[3258]
[3259]
[3260]
[3261]
[3262]
[3263]
[3265]
[3266]
[3267]
[3268]
[3270]
[3271]
[3272]
[3273]
[3274]
[3275]
[3278]
[3279]
[3280]
[3281]
[3282]
[3283]
[3284]
[3285]
[3286]
[3287]
[3289]
[3290]
[3291]
[3292]
[3294]
[3295]
[3296]
[3297]
[3298]
[3299]
[3300]
[3301]
[3302]
[3303]
[3304]
[3305]
[3306]
[3307]
[3308]
[3309]
[3310]
[3311]
[3312]
[3313]
[3315]
[3316]
[3317]
[3318]
[3321]
[3322]
[3323]
[3324]
[3325]
[3326]
[3327]
[3328]
[3329]
[3331]
[3332]
[3333]
[3335]
[3336]
[3337]
[3338]
[3339]
[3340]
[3341]
[3342]
[3343]
[3344]
[3345]
[3346]
[3348]
[3349]
[3350]
[3351]
[3352]
[3353]
[3354]
[3355]
[3356]
[3357]
[3358]
[3360]
[3361]
[3362]
[3363]
[3364]
[3365]
[3366]
[3367]
[3368]
[3369]
[3370]
[3371]
[3372]
[3373]
[3374]
[3375]
[3376]
[3377]
[3378]
[3379]
[3380]
[3381]
[3382]
[3383]
[3384]
[3385]
[3386]
[3387]
[3388]
[3389]
[3390]
[3391]
[3392]
[3394]
[3396]
[3397]
[3398]
[3399]
[3400]
[3401]
[3402]
[3403]
[3404]
[3405]
[3406]
[3407]
[3409]
[3411]
[3412]
[3413]
[3414]
[3415]
[3416]
[3418]
[3419]
[3420]
[3421]
[3422]
[3423]
[3424]
[3425]
[3426]
[3427]
[3428]
[3429]
[3430]
[3431]
[3432]
[3433]
[3434]
[3435]
[3436]
[3437]
[3438]
[3439]
[3440]
[3441]
[3442]
[3443]
[3444]
[3446]
[3447]
[3448]
[3449]
[3450]
[3451]
[3452]
[3453]
[3454]
[3455]
[3456]
[3457]
[3458]
[3459]
[3460]
[3461]
[3462]
[3463]
[3464]
[3465]
[3466]
[3467]
