[75, 1, 3, 4, 7, 16, 23, 43, 54, 56, 76, 78, 80, 81, 84, 87, 88, 89, 91, 97, 101, 102, 106, 115, 130, 196, 198, 199, 201, 212, 215, 338, 505, 512, 553, 615]
[2, 5, 8, 12, 13, 21, 33, 47, 55, 58, 132, 135, 137, 138, 174, 227, 232, 242, 251, 291, 295, 302, 440, 524, 700]
[278, 263, 264, 266, 272, 273, 275, 276, 279, 280, 282, 283, 284, 285, 286, 288, 1208, 1465, 1813]
[204, 197, 200, 203, 207, 210, 457, 510, 986, 1005, 1168, 1788, 1906]
[371, 372, 374, 375, 376, 378, 380, 384, 385, 764, 767, 2032]
[721, 396, 715, 718, 719, 720, 789, 894, 1521, 1968, 2119, 2120]
[2105, 1160, 1516, 1517, 1518, 2106, 2239, 2240, 2241, 2362, 2699, 2700]
[2490, 1265, 2235, 2491, 2492, 2493, 2494, 2495, 2697, 2698, 3002]
[82, 77, 121, 124, 175, 386, 388, 389, 393, 730]
[455, 297, 310, 501, 502, 548, 551, 555, 1014, 1723]
[944, 1047, 1101, 1128, 1226, 1286, 1354, 2485, 2487, 2674]
[946, 1029, 1136, 1664, 1665, 1671, 2507, 2508, 2509, 3004]
[1158, 533, 535, 537, 667, 1363, 1508, 2076, 2204, 2205]
[1213, 994, 1232, 1579, 1760, 1764, 2220, 2227, 2855, 2864]
[2363, 1524, 1584, 2450, 2451, 2452, 2714, 2715, 2767, 3000]
[347, 10, 83, 107, 341, 351, 461, 465, 549]
[579, 182, 1091, 1141, 1451, 1798, 1827, 1836, 1838]
[788, 625, 626, 714, 787, 794, 795, 886, 1567]
[990, 1056, 1075, 1223, 1288, 1404, 2374, 2732, 2733]
[1316, 518, 519, 521, 996, 1259, 1780, 2142, 2143]
[150, 29, 92, 127, 136, 163, 177, 1985]
[226, 231, 233, 241, 246, 255, 256, 262]
[556, 557, 558, 559, 563, 565, 1182, 1227]
[928, 1024, 1099, 1131, 1163, 1911, 2104, 2645]
[1084, 1012, 1371, 2006, 2007, 2157, 2158, 2159]
[1357, 753, 754, 755, 758, 759, 1194, 2046]
[11, 20, 45, 139, 142, 1304, 1698]
[325, 327, 330, 334, 335, 591, 679]
[345, 17, 30, 59, 99, 342, 1325]
[413, 414, 476, 480, 1306, 1343, 1474]
[614, 103, 456, 458, 616, 620, 621]
[693, 692, 694, 695, 696, 2441, 2442]
[926, 959, 1090, 1241, 1310, 1323, 2763]
[1147, 1575, 1928, 1930, 1931, 1932, 1933]
[2672, 1120, 1245, 1557, 1948, 1949, 2506]
[2923, 1290, 1678, 2639, 2640, 2681, 2744]
[133, 9, 178, 289, 294, 1724]
[337, 93, 216, 339, 349, 509]
[481, 482, 483, 490, 1231, 2459]
[493, 495, 496, 799, 800, 831]
[540, 539, 541, 544, 677, 1248]
[609, 498, 602, 1456, 1457, 2070]
[644, 643, 674, 828, 1440, 1469]
[768, 306, 359, 527, 528, 705]
[824, 821, 823, 826, 1580, 2359]
[890, 1037, 1852, 1853, 1996, 1998]
[1195, 1480, 2059, 2060, 2061, 2899]
[1423, 1399, 1566, 2653, 2703, 2898]
[2083, 929, 1449, 1510, 2084, 2381]
[2431, 2121, 2124, 2409, 2619, 2620]
[2447, 1599, 2446, 2448, 2555, 2556]
[147, 165, 443, 444, 1070]
[180, 188, 195, 238, 1049]
[329, 331, 333, 1707, 1709]
[353, 316, 364, 608, 1262]
[357, 523, 682, 1865, 1945]
[417, 420, 424, 427, 1537]
[460, 463, 514, 1787, 2304]
[503, 100, 623, 703, 1171]
[592, 676, 683, 685, 1110]
[654, 655, 660, 661, 916]
[749, 750, 751, 752, 962]
[859, 860, 861, 1578, 2355]
[893, 891, 945, 1230, 1441]
[924, 1113, 1329, 1415, 1821]
[947, 1058, 1313, 1756, 1950]
[985, 1312, 1748, 1749, 1752]
[1240, 809, 813, 1877, 1879]
[1255, 1059, 1180, 1582, 2101]
[1345, 15, 73, 250, 1069]
[1348, 741, 742, 743, 1493]
[1350, 1349, 1770, 1876, 2001]
[1494, 1376, 2037, 2887, 2979]
[1522, 402, 1797, 1967, 2200]
[1546, 1545, 2218, 2219, 2876]
[1616, 835, 836, 2500, 2548]
[1747, 984, 1164, 1446, 1746]
[1778, 995, 1234, 1779, 2561]
[1855, 426, 1332, 1856, 1857]
[2137, 536, 1206, 2138, 2465]
[2223, 2222, 2224, 2357, 2609]
[2236, 2520, 2521, 2522, 2921]
[2286, 2195, 2196, 2288, 2289]
[2341, 1854, 2340, 2342, 2587]
[27, 292, 303, 1162]
[36, 26, 46, 70]
[44, 71, 704, 1803]
[270, 265, 269, 271]
[321, 322, 323, 1183]
[404, 399, 627, 793]
[411, 1204, 2130, 2178]
[488, 485, 1196, 2309]
[561, 931, 1086, 1690]
[596, 597, 598, 599]
[641, 673, 819, 1922]
[656, 662, 804, 1228]
[709, 299, 702, 873]
[762, 454, 760, 761]
[769, 778, 779, 780]
[791, 403, 635, 896]
[844, 822, 845, 1146]
[854, 855, 856, 2140]
[904, 906, 907, 908]
[930, 1140, 1819, 1913]
[976, 1144, 1835, 2160]
[1055, 1117, 1338, 1891]
[1104, 1543, 2210, 2211]
[1129, 1418, 2102, 2430]
[1133, 909, 1198, 1307]
[1145, 1083, 1333, 1951]
[1157, 982, 1417, 2883]
[1200, 902, 2093, 2094]
[1202, 2098, 2099, 2100]
[1207, 2139, 2141, 2193]
[1239, 245, 317, 1864]
[1251, 1362, 1501, 2030]
[1352, 1351, 1495, 1496]
[1372, 2162, 2164, 2709]
[1391, 950, 1044, 1984]
[1406, 2376, 2654, 3025]
[1461, 208, 220, 1112]
[1473, 1077, 1334, 1875]
[1514, 1607, 2275, 2838]
[1560, 1561, 2292, 2937]
[1638, 2080, 2081, 2082]
[1645, 2149, 2150, 2151]
[1680, 3066, 3067, 3115]
[1733, 1205, 2131, 2278]
[1814, 1111, 1815, 1817]
[1840, 989, 1837, 1839]
[1937, 1013, 1938, 2228]
[2051, 2052, 2053, 2054]
[2126, 1016, 1322, 1603]
[2180, 1375, 1536, 2804]
[2192, 1079, 1258, 1952]
[2237, 1382, 1383, 2238]
[2641, 2642, 2676, 2677]
[2692, 2689, 2690, 2868]
[3038, 1272, 2279, 3037]
[6, 28, 38]
[25, 111, 500]
[50, 459, 1959]
[52, 708, 1848]
[61, 72, 253]
[66, 1901, 2535]
[68, 63, 622]
[86, 205, 1907]
[98, 112, 144]
[116, 37, 152]
[123, 128, 507]
[140, 146, 1714]
[145, 436, 445]
[151, 149, 1344]
[179, 189, 193]
[209, 392, 732]
[229, 437, 1538]
[281, 1528, 2145]
[307, 319, 2395]
[340, 468, 472]
[360, 356, 1831]
[369, 1135, 1965]
[379, 2404, 2405]
[410, 412, 415]
[421, 423, 1116]
[431, 432, 1509]
[449, 534, 952]
[451, 448, 450]
[491, 492, 2171]
[554, 552, 1736]
[560, 1889, 1979]
[567, 568, 569]
[570, 571, 574]
[581, 2337, 2338]
[604, 1032, 1833]
[610, 611, 613]
[632, 637, 790]
[672, 925, 1270]
[689, 1373, 2170]
[711, 699, 701]
[727, 970, 1774]
[737, 834, 1569]
[745, 880, 1036]
[798, 1594, 2401]
[808, 1321, 1795]
[858, 1095, 2092]
[866, 864, 865]
[878, 748, 1728]
[918, 1430, 1995]
[919, 1431, 1432]
[960, 1324, 1611]
[969, 1087, 1433]
[971, 1166, 1777]
[975, 1822, 1823]
[991, 1872, 1873]
[1008, 1242, 1479]
[1017, 1809, 1812]
[1020, 1776, 1868]
[1022, 1472, 1896]
[1057, 1482, 1939]
[1068, 1497, 1583]
[1102, 2011, 2012]
[1134, 1443, 1737]
[1150, 1987, 1988]
[1175, 1142, 1829]
[1193, 862, 1895]
[1217, 1300, 1549]
[1218, 2501, 2945]
[1219, 2244, 3077]
[1235, 964, 2775]
[1264, 1515, 2213]
[1267, 1550, 1657]
[1317, 972, 2552]
[1336, 1476, 1888]
[1341, 646, 1920]
[1347, 470, 471]
[1389, 2262, 2263]
[1398, 1397, 2686]
[1405, 2375, 2969]
[1426, 2722, 2785]
[1452, 1050, 1138]
[1467, 1468, 2440]
[1520, 775, 2114]
[1531, 1532, 1533]
[1553, 825, 1387]
[1587, 1586, 2107]
[1591, 2382, 2679]
[1672, 2663, 2664]
[1685, 167, 921]
[1738, 1739, 1740]
[1866, 1076, 1172]
[1902, 1023, 1197]
[1925, 582, 589]
[1927, 1929, 2443]
[2028, 1250, 2027]
[2085, 1511, 1512]
[2089, 934, 1156]
[2152, 2153, 2154]
[2274, 1556, 2276]
[2294, 2295, 2296]
[2372, 1045, 3088]
[2378, 1588, 2978]
[2415, 2417, 2939]
[2439, 267, 1402]
[2518, 2517, 2519]
[2523, 2524, 2525]
[2583, 2257, 2582]
[2621, 2123, 2411]
[2631, 2632, 2634]
[2647, 2933, 3064]
[2680, 2745, 3107]
[2710, 2992, 2993]
[2718, 2719, 3016]
[2734, 2735, 3104]
[2740, 2741, 3112]
[19, 619]
[22, 710]
[24, 143]
[32, 85]
[35, 706]
[53, 867]
[60, 95]
[79, 2397]
[90, 1148]
[96, 109]
[108, 125]
[117, 2305]
[118, 217]
[119, 2531]
[131, 202]
[157, 877]
[169, 1438]
[170, 314]
[171, 298]
[181, 1346]
[187, 1034]
[206, 983]
[223, 2608]
[230, 248]
[234, 993]
[236, 254]
[240, 441]
[244, 258]
[293, 1048]
[312, 1701]
[343, 1445]
[355, 362]
[358, 1552]
[363, 486]
[366, 368]
[377, 1605]
[395, 734]
[401, 716]
[408, 473]
[409, 2179]
[416, 2132]
[435, 2077]
[452, 2315]
[469, 578]
[475, 1367]
[477, 2408]
[479, 2768]
[494, 497]
[522, 532]
[543, 2128]
[564, 1890]
[573, 2321]
[583, 2167]
[601, 603]
[631, 783]
[638, 796]
[642, 1305]
[648, 2176]
[649, 2177]
[652, 653]
[664, 1863]
[666, 1974]
[670, 671]
[675, 1500]
[686, 2169]
[697, 698]
[723, 724]
[731, 1392]
[740, 1315]
[744, 882]
[747, 2331]
[756, 757]
[782, 2198]
[801, 2313]
[803, 805]
[807, 812]
[818, 820]
[829, 1299]
[833, 1454]
[838, 840]
[846, 1439]
[851, 1909]
[853, 1118]
[869, 1725]
[872, 2115]
[892, 1999]
[895, 898]
[897, 2118]
[903, 905]
[911, 1682]
[920, 1711]
[922, 1721]
[933, 1186]
[935, 1759]
[936, 2074]
[938, 1447]
[940, 1786]
[941, 2863]
[949, 1791]
[951, 1643]
[953, 1757]
[956, 2598]
[974, 1820]
[1000, 1870]
[1004, 1210]
[1009, 1914]
[1026, 1282]
[1028, 2802]
[1039, 1253]
[1052, 1824]
[1053, 1880]
[1060, 1973]
[1062, 1982]
[1074, 1843]
[1089, 1766]
[1103, 1503]
[1109, 2014]
[1137, 1743]
[1143, 1466]
[1149, 1192]
[1152, 2033]
[1154, 1361]
[1165, 1765]
[1169, 1789]
[1181, 1910]
[1190, 1356]
[1212, 2189]
[1214, 1547]
[1216, 2231]
[1247, 1487]
[1256, 1257]
[1263, 2270]
[1292, 2371]
[1294, 1635]
[1297, 2975]
[1309, 2004]
[1318, 1455]
[1327, 1412]
[1328, 2261]
[1340, 1916]
[1342, 1953]
[1353, 1498]
[1358, 2047]
[1360, 2064]
[1368, 2135]
[1369, 2146]
[1370, 2585]
[1378, 1544]
[1381, 2234]
[1388, 1862]
[1395, 2291]
[1403, 2360]
[1407, 2379]
[1420, 2797]
[1437, 1613]
[1499, 2022]
[1504, 1505]
[1554, 2266]
[1565, 2302]
[1585, 2306]
[1589, 2380]
[1592, 2385]
[1595, 2402]
[1600, 2424]
[1601, 2425]
[1608, 2457]
[1609, 2461]
[1618, 2503]
[1650, 2666]
[1658, 2658]
[1667, 1670]
[1750, 1751]
[1753, 1754]
[1761, 2638]
[1762, 1763]
[1881, 1883]
[1893, 1894]
[1908, 1962]
[1912, 2853]
[1947, 2486]
[1975, 1977]
[1992, 1993]
[2015, 2016]
[2044, 2045]
[2049, 2050]
[2058, 2216]
[2069, 2390]
[2086, 2087]
[2109, 2110]
[2133, 2134]
[2147, 2148]
[2161, 2163]
[2173, 3082]
[2201, 2202]
[2225, 2226]
[2269, 2272]
[2281, 2567]
[2290, 2648]
[2310, 2311]
[2314, 2317]
[2367, 2370]
[2373, 2702]
[2433, 2872]
[2472, 2529]
[2481, 2482]
[2504, 2505]
[2532, 2533]
[2544, 2545]
[2547, 3044]
[2559, 2560]
[2562, 2563]
[2564, 2565]
[2574, 2575]
[2576, 2577]
[2580, 2581]
[2592, 2593]
[2594, 2595]
[2597, 2955]
[2603, 2604]
[2622, 2890]
[2623, 2624]
[2627, 2628]
[2655, 2656]
[2659, 2660]
[2667, 2668]
[2669, 2670]
[2687, 2688]
[2704, 2705]
[2720, 2721]
[2728, 2729]
[2730, 2731]
[2742, 2743]
[2799, 2990]
[2837, 3005]
[2877, 3008]
[3059, 3060]
[3083, 3084]
[14]
[18]
[31]
[34]
[39]
[40]
[41]
[42]
[48]
[49]
[51]
[57]
[62]
[64]
[65]
[67]
[69]
[74]
[94]
[104]
[105]
[110]
[113]
[114]
[120]
[122]
[126]
[129]
[134]
[141]
[148]
[153]
[154]
[155]
[156]
[158]
[159]
[160]
[161]
[162]
[164]
[166]
[168]
[172]
[173]
[176]
[183]
[184]
[185]
[186]
[190]
[191]
[192]
[194]
[211]
[213]
[214]
[218]
[219]
[221]
[222]
[224]
[225]
[228]
[235]
[237]
[239]
[243]
[247]
[249]
[252]
[257]
[259]
[260]
[261]
[268]
[274]
[277]
[287]
[290]
[296]
[300]
[301]
[304]
[305]
[308]
[309]
[311]
[313]
[315]
[318]
[320]
[324]
[326]
[328]
[332]
[336]
[344]
[346]
[348]
[350]
[352]
[354]
[361]
[365]
[367]
[370]
[373]
[381]
[382]
[383]
[387]
[390]
[391]
[394]
[397]
[398]
[400]
[405]
[406]
[407]
[418]
[419]
[422]
[425]
[428]
[429]
[430]
[433]
[434]
[438]
[439]
[442]
[446]
[447]
[453]
[462]
[464]
[466]
[467]
[474]
[478]
[484]
[487]
[489]
[499]
[504]
[506]
[508]
[511]
[513]
[515]
[516]
[517]
[520]
[525]
[526]
[529]
[530]
[531]
[538]
[542]
[545]
[546]
[547]
[550]
[562]
[566]
[572]
[575]
[576]
[577]
[580]
[584]
[585]
[586]
[587]
[588]
[590]
[593]
[594]
[595]
[600]
[605]
[606]
[607]
[612]
[617]
[618]
[624]
[628]
[629]
[630]
[633]
[634]
[636]
[639]
[640]
[645]
[647]
[650]
[651]
[657]
[658]
[659]
[663]
[665]
[668]
[669]
[678]
[680]
[681]
[684]
[687]
[688]
[690]
[691]
[707]
[712]
[713]
[717]
[722]
[725]
[726]
[728]
[729]
[733]
[735]
[736]
[738]
[739]
[746]
[763]
[765]
[766]
[770]
[771]
[772]
[773]
[774]
[776]
[777]
[781]
[784]
[785]
[786]
[792]
[797]
[802]
[806]
[810]
[811]
[814]
[815]
[816]
[817]
[827]
[830]
[832]
[837]
[839]
[841]
[842]
[843]
[847]
[848]
[849]
[850]
[852]
[857]
[863]
[868]
[870]
[871]
[874]
[875]
[876]
[879]
[881]
[883]
[884]
[885]
[887]
[888]
[889]
[899]
[900]
[901]
[910]
[912]
[913]
[914]
[915]
[917]
[923]
[927]
[932]
[937]
[939]
[942]
[943]
[948]
[954]
[955]
[957]
[958]
[961]
[963]
[965]
[966]
[967]
[968]
[973]
[977]
[978]
[979]
[980]
[981]
[987]
[988]
[992]
[997]
[998]
[999]
[1001]
[1002]
[1003]
[1006]
[1007]
[1010]
[1011]
[1015]
[1018]
[1019]
[1021]
[1025]
[1027]
[1030]
[1031]
[1033]
[1035]
[1038]
[1040]
[1041]
[1042]
[1043]
[1046]
[1051]
[1054]
[1061]
[1063]
[1064]
[1065]
[1066]
[1067]
[1071]
[1072]
[1073]
[1078]
[1080]
[1081]
[1082]
[1085]
[1088]
[1092]
[1093]
[1094]
[1096]
[1097]
[1098]
[1100]
[1105]
[1106]
[1107]
[1108]
[1114]
[1115]
[1119]
[1121]
[1122]
[1123]
[1124]
[1125]
[1126]
[1127]
[1130]
[1132]
[1139]
[1151]
[1153]
[1155]
[1159]
[1161]
[1167]
[1170]
[1173]
[1174]
[1176]
[1177]
[1178]
[1179]
[1184]
[1185]
[1187]
[1188]
[1189]
[1191]
[1199]
[1201]
[1203]
[1209]
[1211]
[1215]
[1220]
[1221]
[1222]
[1224]
[1225]
[1229]
[1233]
[1236]
[1237]
[1238]
[1243]
[1244]
[1246]
[1249]
[1252]
[1254]
[1260]
[1261]
[1266]
[1268]
[1269]
[1271]
[1273]
[1274]
[1275]
[1276]
[1277]
[1278]
[1279]
[1280]
[1281]
[1283]
[1284]
[1285]
[1287]
[1289]
[1291]
[1293]
[1295]
[1296]
[1298]
[1301]
[1302]
[1303]
[1308]
[1311]
[1314]
[1319]
[1320]
[1326]
[1330]
[1331]
[1335]
[1337]
[1339]
[1355]
[1359]
[1364]
[1365]
[1366]
[1374]
[1377]
[1379]
[1380]
[1384]
[1385]
[1386]
[1390]
[1393]
[1394]
[1396]
[1400]
[1401]
[1408]
[1409]
[1410]
[1411]
[1413]
[1414]
[1416]
[1419]
[1421]
[1422]
[1424]
[1425]
[1427]
[1428]
[1429]
[1434]
[1435]
[1436]
[1442]
[1444]
[1448]
[1450]
[1453]
[1458]
[1459]
[1460]
[1462]
[1463]
[1464]
[1470]
[1471]
[1475]
[1477]
[1478]
[1481]
[1483]
[1484]
[1485]
[1486]
[1488]
[1489]
[1490]
[1491]
[1492]
[1502]
[1506]
[1507]
[1513]
[1519]
[1523]
[1525]
[1526]
[1527]
[1529]
[1530]
[1534]
[1535]
[1539]
[1540]
[1541]
[1542]
[1548]
[1551]
[1555]
[1558]
[1559]
[1562]
[1563]
[1564]
[1568]
[1570]
[1571]
[1572]
[1573]
[1574]
[1576]
[1577]
[1581]
[1590]
[1593]
[1596]
[1597]
[1598]
[1602]
[1604]
[1606]
[1610]
[1612]
[1614]
[1615]
[1617]
[1619]
[1620]
[1621]
[1622]
[1623]
[1624]
[1625]
[1626]
[1627]
[1628]
[1629]
[1630]
[1631]
[1632]
[1633]
[1634]
[1636]
[1637]
[1639]
[1640]
[1641]
[1642]
[1644]
[1646]
[1647]
[1648]
[1649]
[1651]
[1652]
[1653]
[1654]
[1655]
[1656]
[1659]
[1660]
[1661]
[1662]
[1663]
[1666]
[1668]
[1669]
[1673]
[1674]
[1675]
[1676]
[1677]
[1679]
[1681]
[1683]
[1684]
[1686]
[1687]
[1688]
[1689]
[1691]
[1692]
[1693]
[1694]
[1695]
[1696]
[1697]
[1699]
[1700]
[1702]
[1703]
[1704]
[1705]
[1706]
[1708]
[1710]
[1712]
[1713]
[1715]
[1716]
[1717]
[1718]
[1719]
[1720]
[1722]
[1726]
[1727]
[1729]
[1730]
[1731]
[1732]
[1734]
[1735]
[1741]
[1742]
[1744]
[1745]
[1755]
[1758]
[1767]
[1768]
[1769]
[1771]
[1772]
[1773]
[1775]
[1781]
[1782]
[1783]
[1784]
[1785]
[1790]
[1792]
[1793]
[1794]
[1796]
[1799]
[1800]
[1801]
[1802]
[1804]
[1805]
[1806]
[1807]
[1808]
[1810]
[1811]
[1816]
[1818]
[1825]
[1826]
[1828]
[1830]
[1832]
[1834]
[1841]
[1842]
[1844]
[1845]
[1846]
[1847]
[1849]
[1850]
[1851]
[1858]
[1859]
[1860]
[1861]
[1867]
[1869]
[1871]
[1874]
[1878]
[1882]
[1884]
[1885]
[1886]
[1887]
[1892]
[1897]
[1898]
[1899]
[1900]
[1903]
[1904]
[1905]
[1915]
[1917]
[1918]
[1919]
[1921]
[1923]
[1924]
[1926]
[1934]
[1935]
[1936]
[1940]
[1941]
[1942]
[1943]
[1944]
[1946]
[1954]
[1955]
[1956]
[1957]
[1958]
[1960]
[1961]
[1963]
[1964]
[1966]
[1969]
[1970]
[1971]
[1972]
[1976]
[1978]
[1980]
[1981]
[1983]
[1986]
[1989]
[1990]
[1991]
[1994]
[1997]
[2000]
[2002]
[2003]
[2005]
[2008]
[2009]
[2010]
[2013]
[2017]
[2018]
[2019]
[2020]
[2021]
[2023]
[2024]
[2025]
[2026]
[2029]
[2031]
[2034]
[2035]
[2036]
[2038]
[2039]
[2040]
[2041]
[2042]
[2043]
[2048]
[2055]
[2056]
[2057]
[2062]
[2063]
[2065]
[2066]
[2067]
[2068]
[2071]
[2072]
[2073]
[2075]
[2078]
[2079]
[2088]
[2090]
[2091]
[2095]
[2096]
[2097]
[2103]
[2108]
[2111]
[2112]
[2113]
[2116]
[2117]
[2122]
[2125]
[2127]
[2129]
[2136]
[2144]
[2155]
[2156]
[2165]
[2166]
[2168]
[2172]
[2174]
[2175]
[2181]
[2182]
[2183]
[2184]
[2185]
[2186]
[2187]
[2188]
[2190]
[2191]
[2194]
[2197]
[2199]
[2203]
[2206]
[2207]
[2208]
[2209]
[2212]
[2214]
[2215]
[2217]
[2221]
[2229]
[2230]
[2232]
[2233]
[2242]
[2243]
[2245]
[2246]
[2247]
[2248]
[2249]
[2250]
[2251]
[2252]
[2253]
[2254]
[2255]
[2256]
[2258]
[2259]
[2260]
[2264]
[2265]
[2267]
[2268]
[2271]
[2273]
[2277]
[2280]
[2282]
[2283]
[2284]
[2285]
[2287]
[2293]
[2297]
[2298]
[2299]
[2300]
[2301]
[2303]
[2307]
[2308]
[2312]
[2316]
[2318]
[2319]
[2320]
[2322]
[2323]
[2324]
[2325]
[2326]
[2327]
[2328]
[2329]
[2330]
[2332]
[2333]
[2334]
[2335]
[2336]
[2339]
[2343]
[2344]
[2345]
[2346]
[2347]
[2348]
[2349]
[2350]
[2351]
[2352]
[2353]
[2354]
[2356]
[2358]
[2361]
[2364]
[2365]
[2366]
[2368]
[2369]
[2377]
[2383]
[2384]
[2386]
[2387]
[2388]
[2389]
[2391]
[2392]
[2393]
[2394]
[2396]
[2398]
[2399]
[2400]
[2403]
[2406]
[2407]
[2410]
[2412]
[2413]
[2414]
[2416]
[2418]
[2419]
[2420]
[2421]
[2422]
[2423]
[2426]
[2427]
[2428]
[2429]
[2432]
[2434]
[2435]
[2436]
[2437]
[2438]
[2444]
[2445]
[2449]
[2453]
[2454]
[2455]
[2456]
[2458]
[2460]
[2462]
[2463]
[2464]
[2466]
[2467]
[2468]
[2469]
[2470]
[2471]
[2473]
[2474]
[2475]
[2476]
[2477]
[2478]
[2479]
[2480]
[2483]
[2484]
[2488]
[2489]
[2496]
[2497]
[2498]
[2499]
[2502]
[2510]
[2511]
[2512]
[2513]
[2514]
[2515]
[2516]
[2526]
[2527]
[2528]
[2530]
[2534]
[2536]
[2537]
[2538]
[2539]
[2540]
[2541]
[2542]
[2543]
[2546]
[2549]
[2550]
[2551]
[2553]
[2554]
[2557]
[2558]
[2566]
[2568]
[2569]
[2570]
[2571]
[2572]
[2573]
[2578]
[2579]
[2584]
[2586]
[2588]
[2589]
[2590]
[2591]
[2596]
[2599]
[2600]
[2601]
[2602]
[2605]
[2606]
[2607]
[2610]
[2611]
[2612]
[2613]
[2614]
[2615]
[2616]
[2617]
[2618]
[2625]
[2626]
[2629]
[2630]
[2633]
[2635]
[2636]
[2637]
[2643]
[2644]
[2646]
[2649]
[2650]
[2651]
[2652]
[2657]
[2661]
[2662]
[2665]
[2671]
[2673]
[2675]
[2678]
[2682]
[2683]
[2684]
[2685]
[2691]
[2693]
[2694]
[2695]
[2696]
[2701]
[2706]
[2707]
[2708]
[2711]
[2712]
[2713]
[2716]
[2717]
[2723]
[2724]
[2725]
[2726]
[2727]
[2736]
[2737]
[2738]
[2739]
[2746]
[2747]
[2748]
[2749]
[2750]
[2751]
[2752]
[2753]
[2754]
[2755]
[2756]
[2757]
[2758]
[2759]
[2760]
[2761]
[2762]
[2764]
[2765]
[2766]
[2769]
[2770]
[2771]
[2772]
[2773]
[2774]
[2776]
[2777]
[2778]
[2779]
[2780]
[2781]
[2782]
[2783]
[2784]
[2786]
[2787]
[2788]
[2789]
[2790]
[2791]
[2792]
[2793]
[2794]
[2795]
[2796]
[2798]
[2800]
[2801]
[2803]
[2805]
[2806]
[2807]
[2808]
[2809]
[2810]
[2811]
[2812]
[2813]
[2814]
[2815]
[2816]
[2817]
[2818]
[2819]
[2820]
[2821]
[2822]
[2823]
[2824]
[2825]
[2826]
[2827]
[2828]
[2829]
[2830]
[2831]
[2832]
[2833]
[2834]
[2835]
[2836]
[2839]
[2840]
[2841]
[2842]
[2843]
[2844]
[2845]
[2846]
[2847]
[2848]
[2849]
[2850]
[2851]
[2852]
[2854]
[2856]
[2857]
[2858]
[2859]
[2860]
[2861]
[2862]
[2865]
[2866]
[2867]
[2869]
[2870]
[2871]
[2873]
[2874]
[2875]
[2878]
[2879]
[2880]
[2881]
[2882]
[2884]
[2885]
[2886]
[2888]
[2889]
[2891]
[2892]
[2893]
[2894]
[2895]
[2896]
[2897]
[2900]
[2901]
[2902]
[2903]
[2904]
[2905]
[2906]
[2907]
[2908]
[2909]
[2910]
[2911]
[2912]
[2913]
[2914]
[2915]
[2916]
[2917]
[2918]
[2919]
[2920]
[2922]
[2924]
[2925]
[2926]
[2927]
[2928]
[2929]
[2930]
[2931]
[2932]
[2934]
[2935]
[2936]
[2938]
[2940]
[2941]
[2942]
[2943]
[2944]
[2946]
[2947]
[2948]
[2949]
[2950]
[2951]
[2952]
[2953]
[2954]
[2956]
[2957]
[2958]
[2959]
[2960]
[2961]
[2962]
[2963]
[2964]
[2965]
[2966]
[2967]
[2968]
[2970]
[2971]
[2972]
[2973]
[2974]
[2976]
[2977]
[2980]
[2981]
[2982]
[2983]
[2984]
[2985]
[2986]
[2987]
[2988]
[2989]
[2991]
[2994]
[2995]
[2996]
[2997]
[2998]
[2999]
[3001]
[3003]
[3006]
[3007]
[3009]
[3010]
[3011]
[3012]
[3013]
[3014]
[3015]
[3017]
[3018]
[3019]
[3020]
[3021]
[3022]
[3023]
[3024]
[3026]
[3027]
[3028]
[3029]
[3030]
[3031]
[3032]
[3033]
[3034]
[3035]
[3036]
[3039]
[3040]
[3041]
[3042]
[3043]
[3045]
[3046]
[3047]
[3048]
[3049]
[3050]
[3051]
[3052]
[3053]
[3054]
[3055]
[3056]
[3057]
[3058]
[3061]
[3062]
[3063]
[3065]
[3068]
[3069]
[3070]
[3071]
[3072]
[3073]
[3074]
[3075]
[3076]
[3078]
[3079]
[3080]
[3081]
[3085]
[3086]
[3087]
[3089]
[3090]
[3091]
[3092]
[3093]
[3094]
[3095]
[3096]
[3097]
[3098]
[3099]
[3100]
[3101]
[3102]
[3103]
[3105]
[3106]
[3108]
[3109]
[3110]
[3111]
[3113]
[3114]
