[1, 2, 3, 4, 6, 12, 13, 17, 91, 98, 100, 105, 156, 159, 162, 172, 184, 202, 361, 437, 513, 514, 521, 528, 1039]
[158, 7, 54, 161, 164, 220, 227, 230, 718, 726, 755, 1360, 1452]
[1552, 1095, 1267, 1349, 1756, 1757, 1759, 2132, 2256, 2257, 2321, 2322]
[453, 375, 386, 452, 454, 455, 461, 845, 846, 1940, 1941]
[551, 5, 95, 96, 128, 133, 140, 181, 295, 296, 307]
[989, 819, 1040, 1289, 1615, 2018, 2019, 2020, 2467, 2468, 3258]
[996, 866, 1050, 1122, 1496, 2011, 2013, 2166, 2167, 2168, 2169]
[1560, 844, 942, 1392, 1561, 1750, 1881, 1882, 1883, 2296, 2592]
[1912, 354, 388, 1643, 1828, 1913, 1915, 1963, 2292, 2588, 2589]
[2713, 1618, 1641, 1684, 2400, 2401, 2404, 2474, 2575, 2576, 2697]
[329, 328, 330, 331, 332, 334, 335, 336, 961, 1324]
[572, 566, 568, 573, 574, 575, 577, 623, 1504, 2048]
[2758, 1657, 2632, 2908, 2934, 2935, 2936, 2938, 2965, 3238]
[166, 10, 35, 66, 176, 644, 1166, 1851, 2486]
[667, 669, 670, 672, 673, 674, 888, 1067, 1586]
[853, 773, 1187, 1302, 1473, 1474, 1942, 1944, 2802]
[2028, 1199, 1484, 2142, 2173, 2174, 2330, 2331, 3069]
[246, 237, 238, 258, 277, 533, 536, 1848]
[409, 396, 397, 399, 405, 410, 412, 1195]
[1860, 571, 1034, 1278, 1455, 1456, 1874, 2045]
[157, 177, 187, 212, 218, 809, 1193]
[239, 249, 250, 1037, 1516, 1936, 2148]
[345, 346, 349, 356, 360, 382, 424]
[605, 597, 599, 829, 1185, 2355, 2398]
[696, 23, 163, 697, 700, 707, 757]
[852, 940, 1015, 1261, 2880, 3295, 3359]
[934, 860, 972, 1071, 1449, 1964, 2027]
[1612, 1080, 1613, 1653, 1951, 2458, 2477]
[2304, 790, 1227, 2307, 2353, 2356, 2403]
[2314, 1110, 1338, 1565, 2312, 2313, 2315]
[2545, 1765, 1767, 2546, 2547, 2573, 2574]
[3220, 1403, 1734, 2629, 3205, 3338, 3339]
[36, 14, 48, 556, 1453, 1853]
[45, 11, 20, 71, 118, 261]
[93, 27, 111, 126, 183, 306]
[587, 593, 1113, 1287, 1885, 1962]
[765, 496, 760, 766, 767, 1849]
[820, 894, 1156, 1634, 1766, 2572]
[830, 1068, 1198, 1436, 1475, 2161]
[858, 970, 1017, 1414, 2085, 2302]
[861, 973, 1115, 2686, 2687, 3166]
[931, 1273, 2158, 2159, 2160, 2884]
[935, 1082, 1184, 1320, 1960, 2102]
[1148, 1745, 2416, 2417, 2954, 2955]
[1182, 21, 171, 525, 1119, 1470]
[1813, 148, 660, 663, 705, 708]
[1821, 580, 620, 635, 919, 925]
[1872, 578, 641, 1875, 2272, 2510]
[2240, 1133, 2202, 2239, 2241, 2516]
[2716, 1371, 2475, 2618, 2714, 2715]
[189, 152, 216, 320, 2122]
[197, 22, 192, 1341, 2262]
[283, 284, 287, 289, 810]
[352, 420, 954, 1190, 1497]
[367, 114, 439, 447, 1125]
[378, 377, 993, 1229, 1363]
[381, 347, 974, 1345, 1636]
[383, 384, 422, 840, 1176]
[425, 373, 376, 1157, 2146]
[427, 321, 428, 430, 431]
[440, 46, 138, 557, 558]
[508, 466, 473, 507, 1526]
[543, 504, 532, 537, 800]
[582, 799, 1013, 1049, 1803]
[585, 555, 583, 1840, 1842]
[621, 624, 1192, 1954, 2044]
[786, 1366, 1432, 1780, 2457]
[856, 1321, 2008, 2107, 2327]
[884, 682, 1167, 1852, 2002]
[897, 1180, 1923, 1924, 2079]
[990, 892, 1457, 1465, 2522]
[1000, 1151, 1521, 2095, 2096]
[1023, 1228, 1348, 1564, 2311]
[1066, 2193, 2196, 2565, 3141]
[1078, 826, 1630, 2509, 2515]
[1201, 882, 1864, 1952, 2243]
[1202, 899, 2197, 2198, 2226]
[1327, 1051, 1538, 1735, 2619]
[1347, 936, 994, 1827, 1992]
[1610, 1506, 1507, 2057, 2059]
[1648, 1723, 2608, 2948, 2949]
[1667, 1189, 1527, 2001, 2678]
[1835, 534, 825, 1163, 1836]
[2021, 893, 1306, 2603, 2605]
[2099, 1481, 1522, 2100, 2101]
[2333, 1092, 2352, 2354, 2600]
[2450, 2449, 2451, 2452, 2838]
[2724, 2723, 2725, 2808, 2809]
[2842, 1422, 2841, 2942, 2943]
[2894, 1407, 1421, 2893, 2932]
[38, 115, 251, 1186]
[122, 34, 699, 2639]
[136, 68, 108, 553]
[174, 179, 1070, 1161]
[185, 16, 86, 2188]
[229, 221, 223, 231]
[265, 92, 112, 834]
[316, 323, 327, 426]
[456, 1077, 1462, 1906]
[485, 490, 491, 1286]
[594, 592, 833, 1884]
[608, 610, 612, 613]
[609, 607, 2396, 2521]
[615, 1029, 1143, 2303]
[639, 622, 640, 1908]
[679, 642, 678, 680]
[712, 714, 715, 1031]
[724, 720, 1295, 1930]
[735, 737, 738, 1607]
[778, 731, 775, 777]
[794, 1270, 1769, 2343]
[801, 299, 1114, 2007]
[850, 638, 1275, 1390]
[868, 1075, 1171, 1288]
[871, 1081, 1343, 2282]
[898, 1616, 1935, 2470]
[900, 1074, 1323, 1997]
[922, 1300, 1632, 2264]
[932, 1334, 2219, 2220]
[956, 1041, 1911, 2137]
[1003, 1130, 2453, 2454]
[1036, 565, 943, 1072]
[1056, 1727, 2300, 2301]
[1060, 1332, 2214, 2215]
[1104, 1354, 2978, 3188]
[1127, 999, 2082, 3089]
[1146, 2390, 2391, 2392]
[1188, 1303, 2233, 2234]
[1219, 1574, 2344, 2345]
[1250, 1409, 2557, 2754]
[1292, 869, 1116, 1144]
[1309, 997, 1512, 2023]
[1322, 2111, 2536, 2537]
[1339, 1055, 1587, 2376]
[1370, 1084, 1368, 1369]
[1378, 1223, 1513, 2876]
[1540, 814, 2070, 2183]
[1547, 141, 155, 2217]
[1568, 1567, 1570, 2524]
[1582, 1602, 2370, 2439]
[1596, 479, 482, 2419]
[1644, 1382, 2540, 2591]
[1692, 2752, 2753, 2931]
[1841, 448, 1774, 1843]
[1914, 2138, 2290, 2291]
[1967, 876, 1485, 1486]
[2152, 469, 2151, 2153]
[2230, 1087, 2074, 2229]
[2279, 630, 1361, 2688]
[2299, 1215, 1562, 2298]
[2539, 926, 2089, 2538]
[2577, 1642, 2849, 2850]
[2585, 2245, 2587, 3150]
[2611, 1408, 1649, 3217]
[2613, 1098, 2320, 2615]
[2624, 1400, 2946, 2947]
[8, 228, 519]
[15, 37, 50]
[39, 30, 1018]
[49, 121, 561]
[53, 443, 1194]
[62, 703, 704]
[90, 170, 444]
[104, 368, 369]
[107, 243, 247]
[120, 276, 1437]
[149, 84, 109]
[160, 957, 2041]
[201, 1823, 1855]
[219, 1812, 2488]
[224, 1203, 2444]
[232, 235, 1102]
[240, 278, 1290]
[248, 1073, 2117]
[318, 562, 563]
[337, 339, 340]
[348, 628, 1448]
[350, 812, 1592]
[351, 358, 359]
[364, 205, 365]
[371, 363, 1471]
[445, 458, 1775]
[520, 168, 515]
[544, 546, 547]
[550, 552, 2024]
[576, 987, 2050]
[584, 549, 1282]
[617, 2205, 2700]
[618, 2305, 2712]
[619, 636, 2163]
[656, 657, 659]
[677, 1183, 2339]
[688, 1755, 2225]
[689, 690, 692]
[709, 710, 711]
[716, 717, 2593]
[722, 598, 1920]
[728, 729, 730]
[734, 742, 2582]
[748, 745, 1097]
[779, 780, 781]
[791, 1121, 1284]
[792, 1011, 1326]
[822, 1291, 1671]
[831, 1279, 1830]
[836, 1170, 1879]
[838, 1947, 1948]
[851, 1460, 1891]
[854, 982, 1299]
[872, 1957, 2402]
[874, 1737, 2017]
[880, 1035, 2511]
[881, 1079, 1178]
[905, 2075, 2865]
[914, 1204, 2088]
[918, 1398, 2110]
[924, 2016, 2448]
[950, 1340, 1353]
[971, 1800, 1802]
[980, 1152, 1525]
[992, 1476, 1679]
[1033, 1277, 2046]
[1042, 1128, 1317]
[1047, 1829, 2141]
[1061, 1359, 2409]
[1083, 1177, 1491]
[1093, 2253, 2773]
[1106, 1397, 2412]
[1120, 516, 1001]
[1126, 1305, 2231]
[1139, 2336, 2337]
[1181, 837, 1925]
[1191, 225, 1503]
[1196, 1046, 2136]
[1206, 1335, 2455]
[1216, 2309, 2310]
[1231, 1237, 1594]
[1235, 1362, 3292]
[1245, 2530, 3119]
[1246, 1726, 2535]
[1248, 2548, 3167]
[1256, 1380, 2527]
[1308, 902, 1500]
[1311, 2528, 3112]
[1319, 1645, 2594]
[1330, 1598, 2180]
[1364, 2561, 2861]
[1373, 1622, 1652]
[1411, 2831, 2832]
[1412, 1646, 2599]
[1441, 1806, 2659]
[1468, 1939, 2081]
[1478, 1140, 1578]
[1493, 862, 1494]
[1524, 2104, 2461]
[1550, 2249, 2332]
[1557, 1137, 2683]
[1589, 2386, 2387]
[1660, 2635, 2636]
[1673, 1085, 2963]
[1722, 1747, 2862]
[1733, 3088, 3101]
[1817, 1112, 1820]
[1888, 380, 387]
[1902, 1117, 1903]
[1991, 923, 1016]
[2067, 958, 2597]
[2071, 978, 2238]
[2221, 1099, 2446]
[2224, 793, 1779]
[2268, 1135, 1162]
[2340, 1100, 1729]
[2365, 1928, 2363]
[2406, 2472, 2473]
[2427, 2431, 2432]
[2462, 976, 2465]
[2466, 1897, 1898]
[2531, 2533, 2534]
[2628, 1402, 1731]
[2675, 2415, 2677]
[2698, 2819, 3324]
[2701, 1545, 2888]
[2707, 2705, 2706]
[2717, 2718, 2719]
[2745, 2746, 2747]
[2922, 2921, 3307]
[2966, 2165, 2967]
[2972, 2973, 3327]
[2983, 2984, 3271]
[3129, 3253, 3259]
[3282, 3146, 3302]
[19, 245]
[24, 77]
[42, 135]
[70, 150]
[79, 524]
[83, 88]
[94, 859]
[103, 146]
[117, 646]
[125, 1158]
[139, 706]
[144, 273]
[167, 661]
[209, 2487]
[233, 1200]
[241, 512]
[242, 271]
[253, 991]
[254, 1336]
[256, 2490]
[259, 2767]
[260, 988]
[270, 2150]
[286, 1165]
[297, 1772]
[302, 944]
[303, 313]
[314, 1427]
[317, 325]
[326, 433]
[338, 890]
[393, 402]
[395, 398]
[404, 414]
[407, 2134]
[416, 418]
[417, 783]
[460, 463]
[464, 2424]
[471, 2421]
[472, 475]
[478, 1314]
[494, 772]
[498, 1569]
[502, 1175]
[530, 2004]
[554, 1595]
[564, 1168]
[570, 920]
[579, 1819]
[588, 2066]
[606, 1232]
[616, 1108]
[629, 1782]
[634, 1439]
[643, 648]
[671, 1434]
[686, 2005]
[701, 1147]
[721, 1454]
[723, 2445]
[743, 744]
[746, 1280]
[751, 2006]
[752, 754]
[764, 2567]
[771, 774]
[776, 2640]
[788, 1770]
[795, 1428]
[815, 1990]
[816, 1895]
[821, 1768]
[842, 1712]
[843, 1961]
[847, 1945]
[849, 1626]
[857, 1499]
[863, 2014]
[870, 1950]
[877, 1301]
[883, 1038]
[886, 2459]
[908, 1131]
[909, 1444]
[912, 2054]
[915, 2090]
[917, 1263]
[927, 1118]
[937, 2113]
[945, 1224]
[946, 2080]
[951, 2194]
[955, 1435]
[959, 1520]
[960, 2112]
[977, 2055]
[981, 1893]
[985, 2568]
[986, 1271]
[1004, 1541]
[1005, 1614]
[1007, 2258]
[1010, 1262]
[1020, 1318]
[1021, 3064]
[1027, 1676]
[1069, 2378]
[1089, 2175]
[1090, 1331]
[1096, 2500]
[1103, 2350]
[1142, 2329]
[1145, 1590]
[1154, 2564]
[1173, 1174]
[1207, 1514]
[1209, 2254]
[1213, 2284]
[1218, 2328]
[1226, 1593]
[1230, 2556]
[1234, 2176]
[1247, 2542]
[1255, 2774]
[1272, 1787]
[1285, 1458]
[1298, 3078]
[1307, 2022]
[1312, 1313]
[1328, 1539]
[1333, 2788]
[1356, 1579]
[1357, 1581]
[1367, 3139]
[1375, 1376]
[1377, 1627]
[1379, 2520]
[1381, 1625]
[1389, 1583]
[1391, 2584]
[1395, 2601]
[1399, 3172]
[1405, 2637]
[1420, 1738]
[1429, 1764]
[1431, 1771]
[1482, 2317]
[1502, 2139]
[1505, 2056]
[1511, 2068]
[1515, 1517]
[1533, 1535]
[1551, 2252]
[1554, 2267]
[1555, 1559]
[1556, 3161]
[1604, 2440]
[1608, 1609]
[1628, 1629]
[1637, 1638]
[1639, 2570]
[1662, 2652]
[1663, 2655]
[1675, 2693]
[1680, 2708]
[1685, 2720]
[1688, 1728]
[1694, 2755]
[1695, 2756]
[1783, 2690]
[1804, 3315]
[1838, 2131]
[1861, 2135]
[1921, 1982]
[1969, 1970]
[1976, 1977]
[1989, 2579]
[1999, 2127]
[2015, 2073]
[2063, 2064]
[2086, 2087]
[2093, 2094]
[2125, 2126]
[2191, 2192]
[2200, 2201]
[2211, 2916]
[2250, 2334]
[2269, 3015]
[2280, 2281]
[2288, 2820]
[2341, 2731]
[2357, 3256]
[2377, 2379]
[2433, 2434]
[2479, 3179]
[2512, 2514]
[2549, 2550]
[2551, 2871]
[2571, 3191]
[2580, 2885]
[2581, 2583]
[2612, 2614]
[2633, 3104]
[2644, 2646]
[2670, 2671]
[2694, 2695]
[2730, 3175]
[2733, 2900]
[2748, 2750]
[2789, 2790]
[2791, 2792]
[2798, 2799]
[2826, 2827]
[2835, 2836]
[2851, 2852]
[2853, 2854]
[2858, 2859]
[2872, 2873]
[2874, 2875]
[2881, 2882]
[2905, 2906]
[2909, 2910]
[2917, 2918]
[2925, 2926]
[2927, 2930]
[2937, 2939]
[2944, 2945]
[2956, 2957]
[2970, 2971]
[2982, 3308]
[2985, 2986]
[3059, 3093]
[3060, 3312]
[3232, 3233]
[3243, 3245]
[3319, 3320]
[3322, 3370]
[9]
[18]
[25]
[26]
[28]
[29]
[31]
[32]
[33]
[40]
[41]
[43]
[44]
[47]
[51]
[52]
[55]
[56]
[57]
[58]
[59]
[60]
[61]
[63]
[64]
[65]
[67]
[69]
[72]
[73]
[74]
[75]
[76]
[78]
[80]
[81]
[82]
[85]
[87]
[89]
[97]
[99]
[101]
[102]
[106]
[110]
[113]
[116]
[119]
[123]
[124]
[127]
[129]
[130]
[131]
[132]
[134]
[137]
[142]
[143]
[145]
[147]
[151]
[153]
[154]
[165]
[169]
[173]
[175]
[178]
[180]
[182]
[186]
[188]
[190]
[191]
[193]
[194]
[195]
[196]
[198]
[199]
[200]
[203]
[204]
[206]
[207]
[208]
[210]
[211]
[213]
[214]
[215]
[217]
[222]
[226]
[234]
[236]
[244]
[252]
[255]
[257]
[262]
[263]
[264]
[266]
[267]
[268]
[269]
[272]
[274]
[275]
[279]
[280]
[281]
[282]
[285]
[288]
[290]
[291]
[292]
[293]
[294]
[298]
[300]
[301]
[304]
[305]
[308]
[309]
[310]
[311]
[312]
[315]
[319]
[322]
[324]
[333]
[341]
[342]
[343]
[344]
[353]
[355]
[357]
[362]
[366]
[370]
[372]
[374]
[379]
[385]
[389]
[390]
[391]
[392]
[394]
[400]
[401]
[403]
[406]
[408]
[411]
[413]
[415]
[419]
[421]
[423]
[429]
[432]
[434]
[435]
[436]
[438]
[441]
[442]
[446]
[449]
[450]
[451]
[457]
[459]
[462]
[465]
[467]
[468]
[470]
[474]
[476]
[477]
[480]
[481]
[483]
[484]
[486]
[487]
[488]
[489]
[492]
[493]
[495]
[497]
[499]
[500]
[501]
[503]
[505]
[506]
[509]
[510]
[511]
[517]
[518]
[522]
[523]
[526]
[527]
[529]
[531]
[535]
[538]
[539]
[540]
[541]
[542]
[545]
[548]
[559]
[560]
[567]
[569]
[581]
[586]
[589]
[590]
[591]
[595]
[596]
[600]
[601]
[602]
[603]
[604]
[611]
[614]
[625]
[626]
[627]
[631]
[632]
[633]
[637]
[645]
[647]
[649]
[650]
[651]
[652]
[653]
[654]
[655]
[658]
[662]
[664]
[665]
[666]
[668]
[675]
[676]
[681]
[683]
[684]
[685]
[687]
[691]
[693]
[694]
[695]
[698]
[702]
[713]
[719]
[725]
[727]
[732]
[733]
[736]
[739]
[740]
[741]
[747]
[749]
[750]
[753]
[756]
[758]
[759]
[761]
[762]
[763]
[768]
[769]
[770]
[782]
[784]
[785]
[787]
[789]
[796]
[797]
[798]
[802]
[803]
[804]
[805]
[806]
[807]
[808]
[811]
[813]
[817]
[818]
[823]
[824]
[827]
[828]
[832]
[835]
[839]
[841]
[848]
[855]
[864]
[865]
[867]
[873]
[875]
[878]
[879]
[885]
[887]
[889]
[891]
[895]
[896]
[901]
[903]
[904]
[906]
[907]
[910]
[911]
[913]
[916]
[921]
[928]
[929]
[930]
[933]
[938]
[939]
[941]
[947]
[948]
[949]
[952]
[953]
[962]
[963]
[964]
[965]
[966]
[967]
[968]
[969]
[975]
[979]
[983]
[984]
[995]
[998]
[1002]
[1006]
[1008]
[1009]
[1012]
[1014]
[1019]
[1022]
[1024]
[1025]
[1026]
[1028]
[1030]
[1032]
[1043]
[1044]
[1045]
[1048]
[1052]
[1053]
[1054]
[1057]
[1058]
[1059]
[1062]
[1063]
[1064]
[1065]
[1076]
[1086]
[1088]
[1091]
[1094]
[1101]
[1105]
[1107]
[1109]
[1111]
[1123]
[1124]
[1129]
[1132]
[1134]
[1136]
[1138]
[1141]
[1149]
[1150]
[1153]
[1155]
[1159]
[1160]
[1164]
[1169]
[1172]
[1179]
[1197]
[1205]
[1208]
[1210]
[1211]
[1212]
[1214]
[1217]
[1220]
[1221]
[1222]
[1225]
[1233]
[1236]
[1238]
[1239]
[1240]
[1241]
[1242]
[1243]
[1244]
[1249]
[1251]
[1252]
[1253]
[1254]
[1257]
[1258]
[1259]
[1260]
[1264]
[1265]
[1266]
[1268]
[1269]
[1274]
[1276]
[1281]
[1283]
[1293]
[1294]
[1296]
[1297]
[1304]
[1310]
[1315]
[1316]
[1325]
[1329]
[1337]
[1342]
[1344]
[1346]
[1350]
[1351]
[1352]
[1355]
[1358]
[1365]
[1372]
[1374]
[1383]
[1384]
[1385]
[1386]
[1387]
[1388]
[1393]
[1394]
[1396]
[1401]
[1404]
[1406]
[1410]
[1413]
[1415]
[1416]
[1417]
[1418]
[1419]
[1423]
[1424]
[1425]
[1426]
[1430]
[1433]
[1438]
[1440]
[1442]
[1443]
[1445]
[1446]
[1447]
[1450]
[1451]
[1459]
[1461]
[1463]
[1464]
[1466]
[1467]
[1469]
[1472]
[1477]
[1479]
[1480]
[1483]
[1487]
[1488]
[1489]
[1490]
[1492]
[1495]
[1498]
[1501]
[1508]
[1509]
[1510]
[1518]
[1519]
[1523]
[1528]
[1529]
[1530]
[1531]
[1532]
[1534]
[1536]
[1537]
[1542]
[1543]
[1544]
[1546]
[1548]
[1549]
[1553]
[1558]
[1563]
[1566]
[1571]
[1572]
[1573]
[1575]
[1576]
[1577]
[1580]
[1584]
[1585]
[1588]
[1591]
[1597]
[1599]
[1600]
[1601]
[1603]
[1605]
[1606]
[1611]
[1617]
[1619]
[1620]
[1621]
[1623]
[1624]
[1631]
[1633]
[1635]
[1640]
[1647]
[1650]
[1651]
[1654]
[1655]
[1656]
[1658]
[1659]
[1661]
[1664]
[1665]
[1666]
[1668]
[1669]
[1670]
[1672]
[1674]
[1677]
[1678]
[1681]
[1682]
[1683]
[1686]
[1687]
[1689]
[1690]
[1691]
[1693]
[1696]
[1697]
[1698]
[1699]
[1700]
[1701]
[1702]
[1703]
[1704]
[1705]
[1706]
[1707]
[1708]
[1709]
[1710]
[1711]
[1713]
[1714]
[1715]
[1716]
[1717]
[1718]
[1719]
[1720]
[1721]
[1724]
[1725]
[1730]
[1732]
[1736]
[1739]
[1740]
[1741]
[1742]
[1743]
[1744]
[1746]
[1748]
[1749]
[1751]
[1752]
[1753]
[1754]
[1758]
[1760]
[1761]
[1762]
[1763]
[1773]
[1776]
[1777]
[1778]
[1781]
[1784]
[1785]
[1786]
[1788]
[1789]
[1790]
[1791]
[1792]
[1793]
[1794]
[1795]
[1796]
[1797]
[1798]
[1799]
[1801]
[1805]
[1807]
[1808]
[1809]
[1810]
[1811]
[1814]
[1815]
[1816]
[1818]
[1822]
[1824]
[1825]
[1826]
[1831]
[1832]
[1833]
[1834]
[1837]
[1839]
[1844]
[1845]
[1846]
[1847]
[1850]
[1854]
[1856]
[1857]
[1858]
[1859]
[1862]
[1863]
[1865]
[1866]
[1867]
[1868]
[1869]
[1870]
[1871]
[1873]
[1876]
[1877]
[1878]
[1880]
[1886]
[1887]
[1889]
[1890]
[1892]
[1894]
[1896]
[1899]
[1900]
[1901]
[1904]
[1905]
[1907]
[1909]
[1910]
[1916]
[1917]
[1918]
[1919]
[1922]
[1926]
[1927]
[1929]
[1931]
[1932]
[1933]
[1934]
[1937]
[1938]
[1943]
[1946]
[1949]
[1953]
[1955]
[1956]
[1958]
[1959]
[1965]
[1966]
[1968]
[1971]
[1972]
[1973]
[1974]
[1975]
[1978]
[1979]
[1980]
[1981]
[1983]
[1984]
[1985]
[1986]
[1987]
[1988]
[1993]
[1994]
[1995]
[1996]
[1998]
[2000]
[2003]
[2009]
[2010]
[2012]
[2025]
[2026]
[2029]
[2030]
[2031]
[2032]
[2033]
[2034]
[2035]
[2036]
[2037]
[2038]
[2039]
[2040]
[2042]
[2043]
[2047]
[2049]
[2051]
[2052]
[2053]
[2058]
[2060]
[2061]
[2062]
[2065]
[2069]
[2072]
[2076]
[2077]
[2078]
[2083]
[2084]
[2091]
[2092]
[2097]
[2098]
[2103]
[2105]
[2106]
[2108]
[2109]
[2114]
[2115]
[2116]
[2118]
[2119]
[2120]
[2121]
[2123]
[2124]
[2128]
[2129]
[2130]
[2133]
[2140]
[2143]
[2144]
[2145]
[2147]
[2149]
[2154]
[2155]
[2156]
[2157]
[2162]
[2164]
[2170]
[2171]
[2172]
[2177]
[2178]
[2179]
[2181]
[2182]
[2184]
[2185]
[2186]
[2187]
[2189]
[2190]
[2195]
[2199]
[2203]
[2204]
[2206]
[2207]
[2208]
[2209]
[2210]
[2212]
[2213]
[2216]
[2218]
[2222]
[2223]
[2227]
[2228]
[2232]
[2235]
[2236]
[2237]
[2242]
[2244]
[2246]
[2247]
[2248]
[2251]
[2255]
[2259]
[2260]
[2261]
[2263]
[2265]
[2266]
[2270]
[2271]
[2273]
[2274]
[2275]
[2276]
[2277]
[2278]
[2283]
[2285]
[2286]
[2287]
[2289]
[2293]
[2294]
[2295]
[2297]
[2306]
[2308]
[2316]
[2318]
[2319]
[2323]
[2324]
[2325]
[2326]
[2335]
[2338]
[2342]
[2346]
[2347]
[2348]
[2349]
[2351]
[2358]
[2359]
[2360]
[2361]
[2362]
[2364]
[2366]
[2367]
[2368]
[2369]
[2371]
[2372]
[2373]
[2374]
[2375]
[2380]
[2381]
[2382]
[2383]
[2384]
[2385]
[2388]
[2389]
[2393]
[2394]
[2395]
[2397]
[2399]
[2405]
[2407]
[2408]
[2410]
[2411]
[2413]
[2414]
[2418]
[2420]
[2422]
[2423]
[2425]
[2426]
[2428]
[2429]
[2430]
[2435]
[2436]
[2437]
[2438]
[2441]
[2442]
[2443]
[2447]
[2456]
[2460]
[2463]
[2464]
[2469]
[2471]
[2476]
[2478]
[2480]
[2481]
[2482]
[2483]
[2484]
[2485]
[2489]
[2491]
[2492]
[2493]
[2494]
[2495]
[2496]
[2497]
[2498]
[2499]
[2501]
[2502]
[2503]
[2504]
[2505]
[2506]
[2507]
[2508]
[2513]
[2517]
[2518]
[2519]
[2523]
[2525]
[2526]
[2529]
[2532]
[2541]
[2543]
[2544]
[2552]
[2553]
[2554]
[2555]
[2558]
[2559]
[2560]
[2562]
[2563]
[2566]
[2569]
[2578]
[2586]
[2590]
[2595]
[2596]
[2598]
[2602]
[2604]
[2606]
[2607]
[2609]
[2610]
[2616]
[2617]
[2620]
[2621]
[2622]
[2623]
[2625]
[2626]
[2627]
[2630]
[2631]
[2634]
[2638]
[2641]
[2642]
[2643]
[2645]
[2647]
[2648]
[2649]
[2650]
[2651]
[2653]
[2654]
[2656]
[2657]
[2658]
[2660]
[2661]
[2662]
[2663]
[2664]
[2665]
[2666]
[2667]
[2668]
[2669]
[2672]
[2673]
[2674]
[2676]
[2679]
[2680]
[2681]
[2682]
[2684]
[2685]
[2689]
[2691]
[2692]
[2696]
[2699]
[2702]
[2703]
[2704]
[2709]
[2710]
[2711]
[2721]
[2722]
[2726]
[2727]
[2728]
[2729]
[2732]
[2734]
[2735]
[2736]
[2737]
[2738]
[2739]
[2740]
[2741]
[2742]
[2743]
[2744]
[2749]
[2751]
[2757]
[2759]
[2760]
[2761]
[2762]
[2763]
[2764]
[2765]
[2766]
[2768]
[2769]
[2770]
[2771]
[2772]
[2775]
[2776]
[2777]
[2778]
[2779]
[2780]
[2781]
[2782]
[2783]
[2784]
[2785]
[2786]
[2787]
[2793]
[2794]
[2795]
[2796]
[2797]
[2800]
[2801]
[2803]
[2804]
[2805]
[2806]
[2807]
[2810]
[2811]
[2812]
[2813]
[2814]
[2815]
[2816]
[2817]
[2818]
[2821]
[2822]
[2823]
[2824]
[2825]
[2828]
[2829]
[2830]
[2833]
[2834]
[2837]
[2839]
[2840]
[2843]
[2844]
[2845]
[2846]
[2847]
[2848]
[2855]
[2856]
[2857]
[2860]
[2863]
[2864]
[2866]
[2867]
[2868]
[2869]
[2870]
[2877]
[2878]
[2879]
[2883]
[2886]
[2887]
[2889]
[2890]
[2891]
[2892]
[2895]
[2896]
[2897]
[2898]
[2899]
[2901]
[2902]
[2903]
[2904]
[2907]
[2911]
[2912]
[2913]
[2914]
[2915]
[2919]
[2920]
[2923]
[2924]
[2928]
[2929]
[2933]
[2940]
[2941]
[2950]
[2951]
[2952]
[2953]
[2958]
[2959]
[2960]
[2961]
[2962]
[2964]
[2968]
[2969]
[2974]
[2975]
[2976]
[2977]
[2979]
[2980]
[2981]
[2987]
[2988]
[2989]
[2990]
[2991]
[2992]
[2993]
[2994]
[2995]
[2996]
[2997]
[2998]
[2999]
[3000]
[3001]
[3002]
[3003]
[3004]
[3005]
[3006]
[3007]
[3008]
[3009]
[3010]
[3011]
[3012]
[3013]
[3014]
[3016]
[3017]
[3018]
[3019]
[3020]
[3021]
[3022]
[3023]
[3024]
[3025]
[3026]
[3027]
[3028]
[3029]
[3030]
[3031]
[3032]
[3033]
[3034]
[3035]
[3036]
[3037]
[3038]
[3039]
[3040]
[3041]
[3042]
[3043]
[3044]
[3045]
[3046]
[3047]
[3048]
[3049]
[3050]
[3051]
[3052]
[3053]
[3054]
[3055]
[3056]
[3057]
[3058]
[3061]
[3062]
[3063]
[3065]
[3066]
[3067]
[3068]
[3070]
[3071]
[3072]
[3073]
[3074]
[3075]
[3076]
[3077]
[3079]
[3080]
[3081]
[3082]
[3083]
[3084]
[3085]
[3086]
[3087]
[3090]
[3091]
[3092]
[3094]
[3095]
[3096]
[3097]
[3098]
[3099]
[3100]
[3102]
[3103]
[3105]
[3106]
[3107]
[3108]
[3109]
[3110]
[3111]
[3113]
[3114]
[3115]
[3116]
[3117]
[3118]
[3120]
[3121]
[3122]
[3123]
[3124]
[3125]
[3126]
[3127]
[3128]
[3130]
[3131]
[3132]
[3133]
[3134]
[3135]
[3136]
[3137]
[3138]
[3140]
[3142]
[3143]
[3144]
[3145]
[3147]
[3148]
[3149]
[3151]
[3152]
[3153]
[3154]
[3155]
[3156]
[3157]
[3158]
[3159]
[3160]
[3162]
[3163]
[3164]
[3165]
[3168]
[3169]
[3170]
[3171]
[3173]
[3174]
[3176]
[3177]
[3178]
[3180]
[3181]
[3182]
[3183]
[3184]
[3185]
[3186]
[3187]
[3189]
[3190]
[3192]
[3193]
[3194]
[3195]
[3196]
[3197]
[3198]
[3199]
[3200]
[3201]
[3202]
[3203]
[3204]
[3206]
[3207]
[3208]
[3209]
[3210]
[3211]
[3212]
[3213]
[3214]
[3215]
[3216]
[3218]
[3219]
[3221]
[3222]
[3223]
[3224]
[3225]
[3226]
[3227]
[3228]
[3229]
[3230]
[3231]
[3234]
[3235]
[3236]
[3237]
[3239]
[3240]
[3241]
[3242]
[3244]
[3246]
[3247]
[3248]
[3249]
[3250]
[3251]
[3252]
[3254]
[3255]
[3257]
[3260]
[3261]
[3262]
[3263]
[3264]
[3265]
[3266]
[3267]
[3268]
[3269]
[3270]
[3272]
[3273]
[3274]
[3275]
[3276]
[3277]
[3278]
[3279]
[3280]
[3281]
[3283]
[3284]
[3285]
[3286]
[3287]
[3288]
[3289]
[3290]
[3291]
[3293]
[3294]
[3296]
[3297]
[3298]
[3299]
[3300]
[3301]
[3303]
[3304]
[3305]
[3306]
[3309]
[3310]
[3311]
[3313]
[3314]
[3316]
[3317]
[3318]
[3321]
[3323]
[3325]
[3326]
[3328]
[3329]
[3330]
[3331]
[3332]
[3333]
[3334]
[3335]
[3336]
[3337]
[3340]
[3341]
[3342]
[3343]
[3344]
[3345]
[3346]
[3347]
[3348]
[3349]
[3350]
[3351]
[3352]
[3353]
[3354]
[3355]
[3356]
[3357]
[3358]
[3360]
[3361]
[3362]
[3363]
[3364]
[3365]
[3366]
[3367]
[3368]
[3369]
[3371]
[3372]
