[1, 2, 3, 4, 5, 6, 8, 9, 10, 12, 13, 14, 16, 17, 18, 20, 22, 23, 25, 26, 29, 33, 34, 38, 48, 55, 82, 85, 94, 97, 105, 137, 160, 167, 169, 178, 191, 223, 229, 278, 317, 368, 415, 605, 1242]
[136, 36, 138, 139, 140, 141, 142, 143, 144, 147, 149, 156, 157, 158, 164, 168, 173, 175, 184, 194, 256, 322, 384, 389, 446, 698, 1133, 1135, 1774]
[237, 238, 239, 240, 241, 242, 243, 244, 247, 276, 377, 722, 723, 1303, 1304, 1575]
[248, 249, 250, 251, 253, 331, 359, 625, 626, 820, 903, 1467, 1468, 1478, 1479, 1997]
[196, 98, 100, 123, 198, 199, 205, 208, 260, 439, 524, 564, 1228]
[316, 255, 370, 494, 503, 556, 1138, 1140, 1141, 1382]
[2210, 812, 1123, 1480, 2211, 2212, 2351, 2352, 2390, 2391]
[197, 195, 203, 204, 217, 499, 1281, 1491, 1492]
[1524, 1033, 2013, 2014, 2214, 2215, 2216, 2679, 2684]
[1956, 274, 414, 442, 498, 613, 844, 1203, 1954]
[109, 91, 95, 126, 129, 227, 230, 1254]
[180, 53, 120, 124, 174, 855, 909, 1253]
[513, 336, 637, 735, 787, 934, 1932, 1933]
[565, 312, 350, 773, 994, 1403, 1523, 1855]
[2207, 1766, 1767, 1768, 2208, 2209, 2378, 2672]
[96, 106, 107, 108, 111, 122, 563]
[257, 378, 495, 829, 876, 1146, 1147]
[258, 416, 427, 496, 562, 834, 1234]
[343, 469, 568, 650, 753, 1664, 2139]
[2324, 766, 786, 1931, 2323, 2519, 2725]
[110, 99, 264, 501, 1231, 1278]
[281, 867, 1327, 1328, 1329, 1330]
[357, 453, 532, 1443, 1444, 2232]
[379, 615, 651, 881, 1667, 1668]
[406, 595, 742, 824, 918, 1542]
[518, 670, 1077, 1771, 1772, 2234]
[540, 472, 748, 1620, 1812, 2510]
[609, 299, 581, 980, 1321, 1325]
[632, 421, 925, 928, 1811, 1813]
[825, 21, 32, 57, 1134, 1226]
[865, 267, 956, 957, 1320, 1713]
[1375, 348, 614, 880, 993, 2117]
[1580, 512, 900, 1007, 1581, 1582]
[2057, 2056, 2058, 2059, 2174, 2175]
[64, 27, 63, 118, 603]
[172, 145, 170, 182, 185]
[181, 857, 946, 1294, 1295]
[321, 591, 1476, 1477, 1866]
[324, 557, 1306, 1308, 1314]
[394, 714, 1560, 1561, 1562]
[409, 794, 1596, 1597, 1598]
[443, 572, 1063, 2165, 2616]
[474, 972, 1635, 1636, 1760]
[649, 949, 1658, 1661, 1750]
[663, 895, 958, 1449, 2163]
[733, 78, 897, 1450, 1452]
[781, 304, 1454, 1894, 1895]
[788, 1113, 1940, 1941, 2778]
[1286, 479, 861, 1285, 1678]
[1358, 206, 481, 725, 1362]
[1526, 375, 1525, 1527, 1650]
[1592, 932, 1513, 1591, 1847]
[1929, 697, 1927, 1930, 2322]
[2019, 1029, 1831, 1832, 1833]
[2031, 2030, 2218, 2364, 2365]
[2035, 977, 2036, 2037, 2305]
[60, 30, 1238, 1488]
[112, 24, 47, 228]
[152, 161, 231, 1310]
[176, 860, 1264, 1704]
[192, 87, 190, 699]
[202, 59, 221, 454]
[259, 413, 1165, 1169]
[261, 310, 347, 719]
[262, 598, 711, 1184]
[277, 870, 1334, 1336]
[311, 1416, 1417, 1418]
[313, 1421, 1424, 1425]
[318, 502, 1317, 1318]
[344, 734, 904, 1475]
[356, 566, 567, 1412]
[361, 1532, 2162, 2164]
[364, 450, 1470, 1474]
[426, 1618, 1619, 1694]
[511, 1027, 1577, 1984]
[519, 1773, 2243, 2244]
[535, 327, 1025, 1968]
[573, 1613, 1616, 1617]
[574, 330, 943, 1638]
[577, 757, 1692, 1737]
[584, 1735, 1818, 1819]
[706, 429, 633, 836]
[737, 910, 1509, 1511]
[750, 1631, 1632, 1633]
[756, 755, 1687, 1688]
[889, 505, 1414, 1415]
[931, 1034, 1588, 2024]
[973, 1765, 1769, 1770]
[1183, 323, 710, 1182]
[1211, 297, 712, 1206]
[1441, 526, 623, 1442]
[1593, 2004, 2006, 2007]
[1602, 423, 1600, 1601]
[1822, 551, 1820, 2168]
[1874, 1873, 1876, 1877]
[1903, 782, 1904, 2010]
[1916, 1642, 1915, 2020]
[1918, 1919, 1920, 2600]
[1973, 1975, 1976, 2766]
[1980, 1977, 1978, 1979]
[2061, 799, 1076, 2230]
[2064, 1543, 2065, 2404]
[2228, 2227, 2229, 2706]
[2395, 2392, 2393, 2394]
[2470, 1377, 2406, 2407]
[2689, 2221, 2222, 2223]
[28, 114, 214]
[77, 826, 1945]
[81, 1172, 1173]
[103, 119, 441]
[201, 209, 212]
[268, 1346, 1639]
[270, 869, 1331]
[283, 398, 1374]
[290, 1300, 1302]
[298, 899, 1897]
[303, 2128, 2129]
[319, 892, 893]
[325, 529, 1338]
[342, 1260, 1268]
[349, 1516, 1517]
[383, 1153, 1742]
[393, 631, 1553]
[402, 486, 1637]
[434, 639, 763]
[438, 339, 2241]
[448, 1240, 1245]
[452, 721, 1297]
[463, 80, 148]
[476, 1656, 1657]
[490, 674, 1911]
[507, 50, 898]
[508, 1461, 1464]
[530, 1386, 2249]
[547, 1659, 1751]
[548, 968, 2495]
[549, 1763, 2156]
[612, 285, 1342]
[636, 397, 854]
[669, 1064, 1862]
[671, 1864, 1865]
[691, 1047, 1841]
[700, 1143, 1150]
[701, 273, 1347]
[747, 417, 1854]
[752, 648, 2116]
[765, 1665, 1808]
[775, 774, 1860]
[801, 2063, 2360]
[832, 703, 704]
[841, 1190, 1194]
[877, 1196, 1319]
[894, 42, 366]
[940, 444, 1210]
[947, 948, 1654]
[965, 546, 2160]
[969, 761, 970]
[984, 1215, 1827]
[996, 997, 998]
[1001, 999, 1000]
[1010, 783, 2298]
[1032, 2011, 2012]
[1039, 1038, 1040]
[1189, 373, 1193]
[1266, 1265, 1272]
[1284, 1287, 1289]
[1367, 831, 1368]
[1463, 1465, 1758]
[1473, 1195, 1471]
[1530, 1529, 1691]
[1534, 478, 1535]
[1576, 570, 1578]
[1595, 571, 1709]
[1612, 539, 1611]
[1627, 641, 1628]
[1801, 665, 1803]
[1872, 779, 1952]
[1922, 2314, 2315]
[1934, 679, 2594]
[1992, 1991, 1994]
[2001, 2002, 2141]
[2017, 2023, 2304]
[2029, 2026, 2028]
[2067, 1043, 2068]
[2097, 2095, 2096]
[2105, 2106, 2107]
[2171, 2170, 2172]
[2191, 2189, 2190]
[2239, 2286, 2287]
[2270, 2269, 2750]
[2354, 1107, 2353]
[2363, 2302, 2362]
[2380, 2381, 2497]
[2515, 1017, 2467]
[15, 58]
[39, 67]
[51, 56]
[54, 432]
[66, 1674]
[79, 464]
[102, 104]
[113, 602]
[116, 117]
[125, 213]
[127, 1447]
[130, 624]
[177, 1775]
[179, 839]
[183, 627]
[200, 215]
[210, 211]
[224, 1502]
[225, 232]
[252, 1044]
[272, 874]
[279, 937]
[280, 1192]
[282, 727]
[284, 2446]
[287, 882]
[288, 1388]
[289, 1389]
[292, 558]
[295, 1410]
[305, 1884]
[306, 1486]
[308, 837]
[332, 1496]
[333, 1518]
[335, 482]
[338, 1458]
[345, 1514]
[353, 1672]
[358, 1564]
[367, 726]
[381, 1521]
[390, 1280]
[391, 1315]
[392, 2103]
[396, 1589]
[407, 738]
[411, 2516]
[425, 1670]
[449, 1263]
[456, 739]
[457, 586]
[460, 1671]
[461, 1720]
[465, 2756]
[468, 580]
[471, 1499]
[473, 983]
[489, 950]
[497, 1166]
[509, 1512]
[515, 1684]
[525, 858]
[527, 1324]
[531, 772]
[559, 1353]
[578, 1733]
[583, 1814]
[589, 1858]
[600, 1225]
[617, 1385]
[635, 1594]
[642, 2296]
[647, 2016]
[652, 952]
[656, 1747]
[657, 974]
[660, 1787]
[677, 1986]
[678, 1235]
[689, 2032]
[690, 811]
[694, 2206]
[695, 2490]
[717, 1279]
[718, 1292]
[730, 1445]
[736, 2271]
[741, 1536]
[744, 1586]
[762, 1795]
[764, 1804]
[767, 1828]
[769, 1794]
[784, 1923]
[792, 1995]
[793, 1996]
[795, 1998]
[796, 1999]
[815, 2405]
[845, 1209]
[901, 1460]
[906, 1710]
[912, 1520]
[923, 1759]
[930, 1587]
[975, 2347]
[981, 1584]
[986, 1834]
[1006, 1880]
[1008, 1899]
[1015, 2078]
[1041, 2049]
[1059, 2137]
[1069, 2187]
[1105, 2148]
[1114, 1115]
[1117, 2498]
[1128, 2379]
[1136, 1227]
[1145, 1724]
[1149, 1152]
[1155, 1236]
[1188, 1721]
[1199, 1838]
[1202, 1835]
[1204, 1363]
[1233, 1409]
[1239, 1243]
[1349, 1649]
[1402, 1404]
[1420, 1528]
[1422, 1427]
[1456, 1891]
[1506, 1842]
[1544, 1545]
[1548, 1549]
[1556, 1557]
[1644, 1645]
[1651, 1652]
[1701, 1702]
[1715, 1892]
[1728, 1732]
[1741, 1743]
[1805, 1806]
[1816, 1817]
[1824, 1963]
[1836, 1837]
[1848, 1850]
[1900, 1901]
[1914, 1917]
[1947, 1948]
[1969, 1971]
[2008, 2009]
[2044, 2045]
[2047, 2051]
[2048, 2157]
[2069, 2089]
[2072, 2073]
[2086, 2087]
[2102, 2104]
[2118, 2472]
[2119, 2120]
[2146, 2147]
[2169, 2563]
[2184, 2185]
[2198, 2199]
[2203, 2204]
[2231, 2233]
[2236, 2237]
[2260, 2261]
[2263, 2264]
[2267, 2268]
[2274, 2275]
[2280, 2281]
[2294, 2295]
[2299, 2300]
[2310, 2311]
[2312, 2313]
[2316, 2317]
[2325, 2326]
[2335, 2336]
[2339, 2340]
[2345, 2346]
[2349, 2350]
[2358, 2620]
[2366, 2367]
[2372, 2373]
[2388, 2389]
[2402, 2403]
[2408, 2409]
[2410, 2411]
[2730, 2731]
[2805, 2807]
[2806, 2808]
[7]
[11]
[19]
[31]
[35]
[37]
[40]
[41]
[43]
[44]
[45]
[46]
[49]
[52]
[61]
[62]
[65]
[68]
[69]
[70]
[71]
[72]
[73]
[74]
[75]
[76]
[83]
[84]
[86]
[88]
[89]
[90]
[92]
[93]
[101]
[115]
[121]
[128]
[131]
[132]
[133]
[134]
[135]
[146]
[150]
[151]
[153]
[154]
[155]
[159]
[162]
[163]
[165]
[166]
[171]
[186]
[187]
[188]
[189]
[193]
[207]
[216]
[218]
[219]
[220]
[222]
[226]
[233]
[234]
[235]
[236]
[245]
[246]
[254]
[263]
[265]
[266]
[269]
[271]
[275]
[286]
[291]
[293]
[294]
[296]
[300]
[301]
[302]
[307]
[309]
[314]
[315]
[320]
[326]
[328]
[329]
[334]
[337]
[340]
[341]
[346]
[351]
[352]
[354]
[355]
[360]
[362]
[363]
[365]
[369]
[371]
[372]
[374]
[376]
[380]
[382]
[385]
[386]
[387]
[388]
[395]
[399]
[400]
[401]
[403]
[404]
[405]
[408]
[410]
[412]
[418]
[419]
[420]
[422]
[424]
[428]
[430]
[431]
[433]
[435]
[436]
[437]
[440]
[445]
[447]
[451]
[455]
[458]
[459]
[462]
[466]
[467]
[470]
[475]
[477]
[480]
[483]
[484]
[485]
[487]
[488]
[491]
[492]
[493]
[500]
[504]
[506]
[510]
[514]
[516]
[517]
[520]
[521]
[522]
[523]
[528]
[533]
[534]
[536]
[537]
[538]
[541]
[542]
[543]
[544]
[545]
[550]
[552]
[553]
[554]
[555]
[560]
[561]
[569]
[575]
[576]
[579]
[582]
[585]
[587]
[588]
[590]
[592]
[593]
[594]
[596]
[597]
[599]
[601]
[604]
[606]
[607]
[608]
[610]
[611]
[616]
[618]
[619]
[620]
[621]
[622]
[628]
[629]
[630]
[634]
[638]
[640]
[643]
[644]
[645]
[646]
[653]
[654]
[655]
[658]
[659]
[661]
[662]
[664]
[666]
[667]
[668]
[672]
[673]
[675]
[676]
[680]
[681]
[682]
[683]
[684]
[685]
[686]
[687]
[688]
[692]
[693]
[696]
[702]
[705]
[707]
[708]
[709]
[713]
[715]
[716]
[720]
[724]
[728]
[729]
[731]
[732]
[740]
[743]
[745]
[746]
[749]
[751]
[754]
[758]
[759]
[760]
[768]
[770]
[771]
[776]
[777]
[778]
[780]
[785]
[789]
[790]
[791]
[797]
[798]
[800]
[802]
[803]
[804]
[805]
[806]
[807]
[808]
[809]
[810]
[813]
[814]
[816]
[817]
[818]
[819]
[821]
[822]
[823]
[827]
[828]
[830]
[833]
[835]
[838]
[840]
[842]
[843]
[846]
[847]
[848]
[849]
[850]
[851]
[852]
[853]
[856]
[859]
[862]
[863]
[864]
[866]
[868]
[871]
[872]
[873]
[875]
[878]
[879]
[883]
[884]
[885]
[886]
[887]
[888]
[890]
[891]
[896]
[902]
[905]
[907]
[908]
[911]
[913]
[914]
[915]
[916]
[917]
[919]
[920]
[921]
[922]
[924]
[926]
[927]
[929]
[933]
[935]
[936]
[938]
[939]
[941]
[942]
[944]
[945]
[951]
[953]
[954]
[955]
[959]
[960]
[961]
[962]
[963]
[964]
[966]
[967]
[971]
[976]
[978]
[979]
[982]
[985]
[987]
[988]
[989]
[990]
[991]
[992]
[995]
[1002]
[1003]
[1004]
[1005]
[1009]
[1011]
[1012]
[1013]
[1014]
[1016]
[1018]
[1019]
[1020]
[1021]
[1022]
[1023]
[1024]
[1026]
[1028]
[1030]
[1031]
[1035]
[1036]
[1037]
[1042]
[1045]
[1046]
[1048]
[1049]
[1050]
[1051]
[1052]
[1053]
[1054]
[1055]
[1056]
[1057]
[1058]
[1060]
[1061]
[1062]
[1065]
[1066]
[1067]
[1068]
[1070]
[1071]
[1072]
[1073]
[1074]
[1075]
[1078]
[1079]
[1080]
[1081]
[1082]
[1083]
[1084]
[1085]
[1086]
[1087]
[1088]
[1089]
[1090]
[1091]
[1092]
[1093]
[1094]
[1095]
[1096]
[1097]
[1098]
[1099]
[1100]
[1101]
[1102]
[1103]
[1104]
[1106]
[1108]
[1109]
[1110]
[1111]
[1112]
[1116]
[1118]
[1119]
[1120]
[1121]
[1122]
[1124]
[1125]
[1126]
[1127]
[1129]
[1130]
[1131]
[1132]
[1137]
[1139]
[1142]
[1144]
[1148]
[1151]
[1154]
[1156]
[1157]
[1158]
[1159]
[1160]
[1161]
[1162]
[1163]
[1164]
[1167]
[1168]
[1170]
[1171]
[1174]
[1175]
[1176]
[1177]
[1178]
[1179]
[1180]
[1181]
[1185]
[1186]
[1187]
[1191]
[1197]
[1198]
[1200]
[1201]
[1205]
[1207]
[1208]
[1212]
[1213]
[1214]
[1216]
[1217]
[1218]
[1219]
[1220]
[1221]
[1222]
[1223]
[1224]
[1229]
[1230]
[1232]
[1237]
[1241]
[1244]
[1246]
[1247]
[1248]
[1249]
[1250]
[1251]
[1252]
[1255]
[1256]
[1257]
[1258]
[1259]
[1261]
[1262]
[1267]
[1269]
[1270]
[1271]
[1273]
[1274]
[1275]
[1276]
[1277]
[1282]
[1283]
[1288]
[1290]
[1291]
[1293]
[1296]
[1298]
[1299]
[1301]
[1305]
[1307]
[1309]
[1311]
[1312]
[1313]
[1316]
[1322]
[1323]
[1326]
[1332]
[1333]
[1335]
[1337]
[1339]
[1340]
[1341]
[1343]
[1344]
[1345]
[1348]
[1350]
[1351]
[1352]
[1354]
[1355]
[1356]
[1357]
[1359]
[1360]
[1361]
[1364]
[1365]
[1366]
[1369]
[1370]
[1371]
[1372]
[1373]
[1376]
[1378]
[1379]
[1380]
[1381]
[1383]
[1384]
[1387]
[1390]
[1391]
[1392]
[1393]
[1394]
[1395]
[1396]
[1397]
[1398]
[1399]
[1400]
[1401]
[1405]
[1406]
[1407]
[1408]
[1411]
[1413]
[1419]
[1423]
[1426]
[1428]
[1429]
[1430]
[1431]
[1432]
[1433]
[1434]
[1435]
[1436]
[1437]
[1438]
[1439]
[1440]
[1446]
[1448]
[1451]
[1453]
[1455]
[1457]
[1459]
[1462]
[1466]
[1469]
[1472]
[1481]
[1482]
[1483]
[1484]
[1485]
[1487]
[1489]
[1490]
[1493]
[1494]
[1495]
[1497]
[1498]
[1500]
[1501]
[1503]
[1504]
[1505]
[1507]
[1508]
[1510]
[1515]
[1519]
[1522]
[1531]
[1533]
[1537]
[1538]
[1539]
[1540]
[1541]
[1546]
[1547]
[1550]
[1551]
[1552]
[1554]
[1555]
[1558]
[1559]
[1563]
[1565]
[1566]
[1567]
[1568]
[1569]
[1570]
[1571]
[1572]
[1573]
[1574]
[1579]
[1583]
[1585]
[1590]
[1599]
[1603]
[1604]
[1605]
[1606]
[1607]
[1608]
[1609]
[1610]
[1614]
[1615]
[1621]
[1622]
[1623]
[1624]
[1625]
[1626]
[1629]
[1630]
[1634]
[1640]
[1641]
[1643]
[1646]
[1647]
[1648]
[1653]
[1655]
[1660]
[1662]
[1663]
[1666]
[1669]
[1673]
[1675]
[1676]
[1677]
[1679]
[1680]
[1681]
[1682]
[1683]
[1685]
[1686]
[1689]
[1690]
[1693]
[1695]
[1696]
[1697]
[1698]
[1699]
[1700]
[1703]
[1705]
[1706]
[1707]
[1708]
[1711]
[1712]
[1714]
[1716]
[1717]
[1718]
[1719]
[1722]
[1723]
[1725]
[1726]
[1727]
[1729]
[1730]
[1731]
[1734]
[1736]
[1738]
[1739]
[1740]
[1744]
[1745]
[1746]
[1748]
[1749]
[1752]
[1753]
[1754]
[1755]
[1756]
[1757]
[1761]
[1762]
[1764]
[1776]
[1777]
[1778]
[1779]
[1780]
[1781]
[1782]
[1783]
[1784]
[1785]
[1786]
[1788]
[1789]
[1790]
[1791]
[1792]
[1793]
[1796]
[1797]
[1798]
[1799]
[1800]
[1802]
[1807]
[1809]
[1810]
[1815]
[1821]
[1823]
[1825]
[1826]
[1829]
[1830]
[1839]
[1840]
[1843]
[1844]
[1845]
[1846]
[1849]
[1851]
[1852]
[1853]
[1856]
[1857]
[1859]
[1861]
[1863]
[1867]
[1868]
[1869]
[1870]
[1871]
[1875]
[1878]
[1879]
[1881]
[1882]
[1883]
[1885]
[1886]
[1887]
[1888]
[1889]
[1890]
[1893]
[1896]
[1898]
[1902]
[1905]
[1906]
[1907]
[1908]
[1909]
[1910]
[1912]
[1913]
[1921]
[1924]
[1925]
[1926]
[1928]
[1935]
[1936]
[1937]
[1938]
[1939]
[1942]
[1943]
[1944]
[1946]
[1949]
[1950]
[1951]
[1953]
[1955]
[1957]
[1958]
[1959]
[1960]
[1961]
[1962]
[1964]
[1965]
[1966]
[1967]
[1970]
[1972]
[1974]
[1981]
[1982]
[1983]
[1985]
[1987]
[1988]
[1989]
[1990]
[1993]
[2000]
[2003]
[2005]
[2015]
[2018]
[2021]
[2022]
[2025]
[2027]
[2033]
[2034]
[2038]
[2039]
[2040]
[2041]
[2042]
[2043]
[2046]
[2050]
[2052]
[2053]
[2054]
[2055]
[2060]
[2062]
[2066]
[2070]
[2071]
[2074]
[2075]
[2076]
[2077]
[2079]
[2080]
[2081]
[2082]
[2083]
[2084]
[2085]
[2088]
[2090]
[2091]
[2092]
[2093]
[2094]
[2098]
[2099]
[2100]
[2101]
[2108]
[2109]
[2110]
[2111]
[2112]
[2113]
[2114]
[2115]
[2121]
[2122]
[2123]
[2124]
[2125]
[2126]
[2127]
[2130]
[2131]
[2132]
[2133]
[2134]
[2135]
[2136]
[2138]
[2140]
[2142]
[2143]
[2144]
[2145]
[2149]
[2150]
[2151]
[2152]
[2153]
[2154]
[2155]
[2158]
[2159]
[2161]
[2166]
[2167]
[2173]
[2176]
[2177]
[2178]
[2179]
[2180]
[2181]
[2182]
[2183]
[2186]
[2188]
[2192]
[2193]
[2194]
[2195]
[2196]
[2197]
[2200]
[2201]
[2202]
[2205]
[2213]
[2217]
[2219]
[2220]
[2224]
[2225]
[2226]
[2235]
[2238]
[2240]
[2242]
[2245]
[2246]
[2247]
[2248]
[2250]
[2251]
[2252]
[2253]
[2254]
[2255]
[2256]
[2257]
[2258]
[2259]
[2262]
[2265]
[2266]
[2272]
[2273]
[2276]
[2277]
[2278]
[2279]
[2282]
[2283]
[2284]
[2285]
[2288]
[2289]
[2290]
[2291]
[2292]
[2293]
[2297]
[2301]
[2303]
[2306]
[2307]
[2308]
[2309]
[2318]
[2319]
[2320]
[2321]
[2327]
[2328]
[2329]
[2330]
[2331]
[2332]
[2333]
[2334]
[2337]
[2338]
[2341]
[2342]
[2343]
[2344]
[2348]
[2355]
[2356]
[2357]
[2359]
[2361]
[2368]
[2369]
[2370]
[2371]
[2374]
[2375]
[2376]
[2377]
[2382]
[2383]
[2384]
[2385]
[2386]
[2387]
[2396]
[2397]
[2398]
[2399]
[2400]
[2401]
[2412]
[2413]
[2414]
[2415]
[2416]
[2417]
[2418]
[2419]
[2420]
[2421]
[2422]
[2423]
[2424]
[2425]
[2426]
[2427]
[2428]
[2429]
[2430]
[2431]
[2432]
[2433]
[2434]
[2435]
[2436]
[2437]
[2438]
[2439]
[2440]
[2441]
[2442]
[2443]
[2444]
[2445]
[2447]
[2448]
[2449]
[2450]
[2451]
[2452]
[2453]
[2454]
[2455]
[2456]
[2457]
[2458]
[2459]
[2460]
[2461]
[2462]
[2463]
[2464]
[2465]
[2466]
[2468]
[2469]
[2471]
[2473]
[2474]
[2475]
[2476]
[2477]
[2478]
[2479]
[2480]
[2481]
[2482]
[2483]
[2484]
[2485]
[2486]
[2487]
[2488]
[2489]
[2491]
[2492]
[2493]
[2494]
[2496]
[2499]
[2500]
[2501]
[2502]
[2503]
[2504]
[2505]
[2506]
[2507]
[2508]
[2509]
[2511]
[2512]
[2513]
[2514]
[2517]
[2518]
[2520]
[2521]
[2522]
[2523]
[2524]
[2525]
[2526]
[2527]
[2528]
[2529]
[2530]
[2531]
[2532]
[2533]
[2534]
[2535]
[2536]
[2537]
[2538]
[2539]
[2540]
[2541]
[2542]
[2543]
[2544]
[2545]
[2546]
[2547]
[2548]
[2549]
[2550]
[2551]
[2552]
[2553]
[2554]
[2555]
[2556]
[2557]
[2558]
[2559]
[2560]
[2561]
[2562]
[2564]
[2565]
[2566]
[2567]
[2568]
[2569]
[2570]
[2571]
[2572]
[2573]
[2574]
[2575]
[2576]
[2577]
[2578]
[2579]
[2580]
[2581]
[2582]
[2583]
[2584]
[2585]
[2586]
[2587]
[2588]
[2589]
[2590]
[2591]
[2592]
[2593]
[2595]
[2596]
[2597]
[2598]
[2599]
[2601]
[2602]
[2603]
[2604]
[2605]
[2606]
[2607]
[2608]
[2609]
[2610]
[2611]
[2612]
[2613]
[2614]
[2615]
[2617]
[2618]
[2619]
[2621]
[2622]
[2623]
[2624]
[2625]
[2626]
[2627]
[2628]
[2629]
[2630]
[2631]
[2632]
[2633]
[2634]
[2635]
[2636]
[2637]
[2638]
[2639]
[2640]
[2641]
[2642]
[2643]
[2644]
[2645]
[2646]
[2647]
[2648]
[2649]
[2650]
[2651]
[2652]
[2653]
[2654]
[2655]
[2656]
[2657]
[2658]
[2659]
[2660]
[2661]
[2662]
[2663]
[2664]
[2665]
[2666]
[2667]
[2668]
[2669]
[2670]
[2671]
[2673]
[2674]
[2675]
[2676]
[2677]
[2678]
[2680]
[2681]
[2682]
[2683]
[2685]
[2686]
[2687]
[2688]
[2690]
[2691]
[2692]
[2693]
[2694]
[2695]
[2696]
[2697]
[2698]
[2699]
[2700]
[2701]
[2702]
[2703]
[2704]
[2705]
[2707]
[2708]
[2709]
[2710]
[2711]
[2712]
[2713]
[2714]
[2715]
[2716]
[2717]
[2718]
[2719]
[2720]
[2721]
[2722]
[2723]
[2724]
[2726]
[2727]
[2728]
[2729]
[2732]
[2733]
[2734]
[2735]
[2736]
[2737]
[2738]
[2739]
[2740]
[2741]
[2742]
[2743]
[2744]
[2745]
[2746]
[2747]
[2748]
[2749]
[2751]
[2752]
[2753]
[2754]
[2755]
[2757]
[2758]
[2759]
[2760]
[2761]
[2762]
[2763]
[2764]
[2765]
[2767]
[2768]
[2769]
[2770]
[2771]
[2772]
[2773]
[2774]
[2775]
[2776]
[2777]
[2779]
[2780]
[2781]
[2782]
[2783]
[2784]
[2785]
[2786]
[2787]
[2788]
[2789]
[2790]
[2791]
[2792]
[2793]
[2794]
[2795]
[2796]
[2797]
[2798]
[2799]
[2800]
[2801]
[2802]
[2803]
[2804]
