[267, 5, 29, 96, 128, 131, 270, 273, 274, 276, 294, 473, 476, 489, 499, 503, 512, 514, 528, 623, 710, 901, 971, 975, 1054, 1315, 1392, 3006]
[617, 8, 30, 95, 206, 453, 458, 459, 520, 585, 589, 596, 618, 619, 621, 622, 624, 626, 765, 766, 767, 1273, 1671, 3297, 3299]
[3, 1, 4, 12, 32, 40, 239, 300, 339, 365, 646, 860, 945, 947, 949, 950, 1225, 1930, 2003, 2789]
[129, 35, 127, 132, 133, 136, 137, 148, 154, 155, 157, 161, 176, 194, 477, 659, 891, 1058, 1783]
[298, 67, 299, 305, 310, 311, 314, 323, 408, 409, 416, 427, 436, 437, 2238]
[649, 13, 46, 74, 135, 145, 166, 172, 179, 422, 651, 686, 1316, 1584]
[203, 201, 204, 211, 218, 222, 234, 238, 240, 244, 355, 1226, 2963]
[3245, 415, 435, 753, 936, 942, 2069, 3010, 3013, 3014, 3244]
[3565, 241, 243, 454, 456, 465, 466, 469, 592, 2440, 3298]
[2, 6, 31, 41, 60, 70, 77, 87, 125, 912]
[250, 251, 252, 254, 257, 259, 261, 262, 266, 2266]
[962, 1107, 1109, 1114, 1139, 1140, 1302, 1709, 1728, 3495]
[2195, 841, 847, 848, 1081, 1166, 1172, 1174, 1497, 1522]
[18, 50, 139, 395, 706, 716, 718, 903, 1790]
[202, 207, 213, 216, 235, 586, 1254, 1256, 1382]
[1120, 381, 755, 941, 964, 1111, 1130, 1837, 2208]
[1355, 1636, 1670, 1789, 2192, 2627, 3127, 3900, 4725]
[1386, 1525, 1637, 1834, 1866, 2923, 2924, 2926, 3531]
[1884, 1600, 1885, 2067, 3220, 3323, 3324, 3426, 4126]
[2197, 1515, 1991, 2310, 2343, 2344, 2655, 3041, 3042]
[3439, 2091, 2127, 2494, 3436, 3437, 3438, 4148, 4149]
[3935, 1379, 1606, 1698, 1951, 2177, 2538, 3331, 3923]
[15, 180, 271, 1195, 1276, 1323, 1331, 3975]
[302, 17, 307, 737, 1320, 1324, 1989, 2390]
[474, 475, 498, 807, 885, 895, 1572, 1718]
[817, 826, 1028, 1029, 1030, 1037, 1038, 1877]
[843, 808, 845, 852, 853, 1082, 1169, 1170]
[1152, 530, 534, 536, 984, 1153, 1155, 1156]
[1182, 542, 556, 561, 782, 1190, 1287, 2300]
[1387, 1609, 2203, 2318, 2670, 2671, 3069, 4320]
[1729, 3165, 3166, 3168, 3545, 3547, 3550, 3924]
[2090, 1591, 2533, 3077, 3421, 3422, 3423, 3424]
[2111, 1477, 1794, 2075, 2371, 3524, 3560, 3561]
[2281, 1588, 2046, 2912, 2913, 3522, 4078, 4542]
[2950, 1465, 1543, 1778, 2949, 2951, 3721, 3722]
[368, 369, 372, 376, 378, 382, 384]
[669, 23, 97, 501, 516, 907, 974]
[714, 500, 505, 672, 679, 1275, 1282]
[778, 215, 777, 829, 1202, 1232, 1682]
[1248, 1249, 1250, 1251, 1942, 2609, 3615]
[1338, 1348, 1498, 1858, 2687, 2688, 2689]
[1411, 2207, 2677, 2679, 2681, 2682, 3207]
[1451, 1384, 2428, 2742, 2909, 2910, 3519]
[1568, 1513, 2126, 2298, 3221, 3222, 3552]
[1620, 2309, 3034, 3035, 3442, 3589, 4212]
[1712, 1447, 1844, 1998, 2222, 2726, 3614]
[2214, 178, 275, 289, 1327, 1610, 3182]
[3262, 956, 957, 959, 960, 3260, 3261]
[10, 86, 168, 892, 906, 2316]
[209, 233, 460, 834, 1339, 2654]
[538, 493, 495, 985, 1056, 3392]
[544, 539, 590, 627, 1180, 1191]
[583, 708, 861, 1050, 1051, 2641]
[871, 873, 874, 881, 884, 1463]
[1145, 963, 965, 1031, 2086, 3486]
[1265, 1267, 2251, 2305, 4032, 4033]
[1286, 151, 200, 655, 676, 1272]
[1401, 1651, 1793, 2198, 2656, 3043]
[1607, 870, 877, 1070, 1072, 1468]
[1618, 1785, 2050, 2325, 3025, 3027]
[1640, 2978, 2979, 2981, 3879, 3880]
[1645, 2271, 2663, 2882, 3002, 4342]
[1689, 11, 71, 862, 899, 1194]
[2077, 1798, 2379, 2389, 3344, 3345]
[2391, 1701, 1808, 2150, 2884, 3435]
[2482, 3737, 3738, 4245, 4246, 4724]
[2495, 2496, 3926, 3927, 3928, 4525]
[3282, 1532, 1896, 2376, 3073, 3283]
[3349, 1742, 3022, 3350, 3358, 3359]
[3860, 2473, 2474, 3741, 3859, 3861]
[147, 282, 290, 507, 1274]
[306, 1502, 2256, 2836, 2837]
[389, 386, 387, 392, 396]
[448, 439, 440, 447, 2006]
[464, 205, 597, 773, 2297]
[515, 123, 513, 525, 1057]
[519, 278, 521, 670, 982]
[574, 575, 576, 581, 709]
[654, 24, 138, 190, 1230]
[660, 662, 663, 665, 1779]
[667, 140, 668, 972, 1391]
[828, 225, 835, 1206, 2937]
[851, 842, 1842, 2718, 2720]
[876, 879, 1496, 3248, 3249]
[902, 75, 488, 905, 914]
[1091, 994, 1088, 1108, 1895]
[1164, 930, 1717, 2465, 3474]
[1259, 214, 785, 1762, 3380]
[1343, 1041, 1402, 1841, 2685]
[1362, 1467, 1919, 2659, 3512]
[1363, 1311, 1314, 2675, 2676]
[1410, 2624, 2625, 3708, 3710]
[1420, 604, 608, 1766, 2735]
[1428, 1774, 2059, 2906, 3099]
[1432, 1611, 2407, 2707, 3418]
[1455, 1659, 2296, 2944, 3147]
[1480, 524, 1325, 1332, 2628]
[1544, 2040, 2968, 2969, 2970]
[1560, 2014, 2015, 2829, 2830]
[1623, 2089, 2408, 3071, 3072]
[1679, 1561, 2262, 2853, 3916]
[1706, 1514, 2645, 2646, 2648]
[1800, 1239, 1241, 2801, 3317]
[1839, 562, 569, 571, 1838]
[1927, 3017, 3553, 3554, 3703]
[1958, 1032, 3498, 3499, 3634]
[2013, 1500, 2012, 2821, 2824]
[2062, 919, 924, 3144, 3146]
[2107, 1006, 2438, 3551, 3591]
[2151, 1825, 2506, 3657, 3792]
[2200, 2664, 2666, 2667, 2669]
[2479, 2480, 2487, 3772, 4544]
[2740, 1767, 2106, 3535, 3536]
[3118, 1310, 1575, 3119, 3120]
[3141, 1657, 3137, 3139, 3140]
[3411, 3410, 3412, 3413, 3414]
[3454, 463, 472, 3451, 3453]
[3633, 2816, 2852, 3704, 3851]
[3645, 1823, 2460, 3644, 4646]
[3767, 857, 1527, 2036, 3920]
[3951, 1758, 2488, 4223, 4224]
[3959, 3958, 3960, 4610, 4622]
[44, 33, 112, 2961]
[72, 21, 2288, 3666]
[141, 120, 164, 167]
[144, 14, 393, 894]
[192, 394, 898, 2640]
[210, 219, 461, 2959]
[242, 341, 543, 601]
[247, 363, 366, 3671]
[253, 256, 1160, 2199]
[296, 297, 537, 3913]
[303, 61, 946, 1902]
[374, 1394, 1784, 1832]
[455, 462, 1228, 3452]
[491, 494, 496, 908]
[540, 546, 553, 1214]
[541, 638, 1727, 2061]
[554, 229, 555, 1873]
[605, 603, 607, 1263]
[721, 722, 1615, 2796]
[788, 951, 1234, 1521]
[801, 486, 794, 803]
[998, 999, 1000, 1001]
[1005, 2901, 3066, 3699]
[1040, 1039, 3511, 3855]
[1063, 1064, 1065, 1066]
[1074, 1075, 1079, 2897]
[1085, 1080, 1086, 2070]
[1119, 1122, 1526, 2939]
[1175, 1168, 1171, 1587]
[1220, 1470, 2880, 3131]
[1337, 1558, 2651, 2743]
[1395, 2227, 2744, 2745]
[1397, 1999, 2223, 2728]
[1421, 2769, 2770, 2772]
[1460, 1167, 1772, 2023]
[1520, 1483, 2863, 2864]
[1528, 2096, 2419, 2993]
[1529, 1804, 3021, 3360]
[1556, 563, 2209, 2684]
[1559, 2009, 2811, 2812]
[1562, 1604, 1642, 2017]
[1567, 2031, 2032, 2117]
[1571, 1436, 2307, 3024]
[1580, 2319, 3070, 3149]
[1583, 2725, 3857, 3858]
[1589, 2312, 2396, 3366]
[1608, 1163, 1381, 2657]
[1616, 1644, 1813, 2877]
[1667, 1899, 1907, 3362]
[1683, 2055, 2056, 3068]
[1705, 775, 2631, 2633]
[1749, 2308, 3033, 3443]
[1760, 2338, 2630, 3123]
[1773, 1524, 2904, 2905]
[1775, 2918, 3735, 3736]
[1809, 265, 3440, 4049]
[1879, 3029, 3080, 3925]
[1881, 1880, 3117, 4054]
[1882, 2178, 3128, 3936]
[1897, 3284, 3285, 3638]
[1912, 3401, 3402, 3403]
[1925, 2437, 3542, 3764]
[1941, 2148, 3610, 3761]
[2019, 610, 612, 1859]
[2058, 3084, 3085, 3892]
[2108, 1603, 2378, 3921]
[2141, 2541, 3731, 3938]
[2261, 2260, 2848, 2850]
[2284, 1540, 2922, 3572]
[2368, 2369, 2370, 3277]
[2423, 2424, 3507, 3508]
[2500, 2534, 3777, 4564]
[2929, 1453, 2143, 2930]
[2988, 642, 2987, 2989]
[3054, 401, 404, 3088]
[3163, 3162, 3279, 3280]
[3197, 1791, 2467, 3196]
[3296, 19, 79, 3300]
[3305, 1900, 2255, 3304]
[3333, 3332, 3725, 3727]
[3334, 3336, 3337, 3339]
[3354, 2392, 3355, 3356]
[3405, 3406, 4209, 4210]
[3480, 1008, 1009, 3478]
[3592, 3590, 3593, 3825]
[3650, 1757, 3648, 3649]
[3711, 1304, 2833, 3445]
[3788, 1978, 4192, 4521]
[3918, 1026, 1027, 4312]
[3964, 3966, 4654, 4655]
[4021, 2121, 3611, 4020]
[4112, 2147, 3758, 4111]
[9, 159, 3969]
[37, 1330, 2856]
[47, 34, 36]
[55, 633, 1847]
[69, 173, 1318]
[114, 2964, 2965]
[116, 1200, 2931]
[186, 101, 3056]
[208, 1542, 1776]
[237, 593, 3667]
[258, 260, 3441]
[284, 532, 630]
[295, 288, 2133]
[338, 2639, 3409]
[342, 367, 868]
[359, 78, 110]
[391, 403, 696]
[413, 407, 2887]
[419, 443, 2328]
[428, 1672, 2710]
[438, 333, 433]
[579, 405, 577]
[584, 869, 3821]
[614, 1860, 2739]
[628, 643, 1186]
[688, 694, 2933]
[702, 398, 400]
[728, 1770, 2797]
[732, 733, 735]
[738, 739, 3231]
[747, 2637, 2793]
[781, 470, 2936]
[809, 792, 811]
[810, 798, 840]
[813, 1099, 1405]
[824, 2000, 2754]
[838, 1067, 3569]
[855, 927, 3679]
[921, 922, 2828]
[931, 933, 2799]
[934, 928, 1903]
[954, 2294, 2802]
[958, 1212, 2100]
[966, 1110, 1350]
[978, 893, 970]
[980, 481, 2022]
[989, 990, 2644]
[993, 995, 2442]
[1033, 1137, 1481]
[1034, 1035, 3599]
[1047, 1053, 3470]
[1083, 1084, 3833]
[1126, 1134, 1993]
[1159, 1161, 1165]
[1188, 631, 1184]
[1205, 1207, 1536]
[1211, 3509, 3510]
[1269, 1271, 2079]
[1283, 277, 3987]
[1290, 1218, 1219]
[1306, 1307, 1937]
[1345, 1831, 2626]
[1354, 2035, 2878]
[1372, 1997, 2404]
[1378, 2221, 2724]
[1400, 3706, 3707]
[1409, 1914, 3419]
[1417, 1661, 3158]
[1438, 2253, 2254]
[1450, 1680, 1861]
[1506, 1868, 2956]
[1533, 3175, 3177]
[1534, 2196, 2409]
[1539, 2021, 2416]
[1574, 3116, 4657]
[1577, 3130, 4562]
[1592, 3082, 3083]
[1595, 1441, 2337]
[1617, 2279, 2899]
[1619, 1721, 3030]
[1625, 3124, 3126]
[1626, 2060, 2175]
[1648, 1875, 2997]
[1652, 2057, 3075]
[1685, 3102, 3104]
[1690, 1824, 2351]
[1699, 3338, 3726]
[1724, 1376, 2252]
[1730, 3198, 3200]
[1731, 2354, 3206]
[1733, 2540, 3224]
[1736, 3269, 4042]
[1777, 1466, 2941]
[1805, 2393, 3361]
[1818, 2110, 2463]
[1819, 1987, 2565]
[1830, 25, 2622]
[1906, 2394, 2395]
[1909, 3393, 3394]
[1910, 859, 3395]
[1913, 3415, 3416]
[1915, 3425, 3427]
[1953, 1971, 3659]
[2001, 2189, 2785]
[2084, 3363, 3365]
[2088, 3616, 3618]
[2092, 3446, 4105]
[2101, 1988, 3515]
[2225, 3016, 3129]
[2277, 2895, 2896]
[2320, 3882, 3883]
[2323, 2410, 3428]
[2339, 1788, 3751]
[2357, 304, 322]
[2411, 3429, 3430]
[2425, 2426, 2447]
[2432, 2431, 3523]
[2456, 3617, 3940]
[2476, 2183, 3724]
[2504, 2505, 2604]
[2517, 1666, 3834]
[2660, 1353, 1674]
[2691, 2690, 2832]
[2738, 2734, 3823]
[2775, 2781, 3464]
[2820, 2819, 3947]
[2854, 2018, 3219]
[2881, 1862, 2879]
[2977, 2974, 3996]
[3003, 1490, 3917]
[3093, 2327, 3091]
[3114, 3110, 3601]
[3208, 2355, 3209]
[3223, 2360, 4135]
[3287, 1797, 3288]
[3291, 3293, 3294]
[3383, 3384, 3388]
[3398, 3541, 3919]
[3432, 3431, 3433]
[3484, 3373, 3485]
[3527, 1922, 3528]
[3529, 1923, 3530]
[3544, 1944, 3623]
[3596, 3595, 3597]
[3602, 2120, 3603]
[3626, 1945, 3627]
[3651, 3652, 4539]
[3689, 3688, 3690]
[3700, 3701, 3702]
[3730, 2194, 3729]
[3732, 2478, 4392]
[3740, 2340, 3739]
[3743, 2144, 3902]
[3744, 3746, 3747]
[3774, 4700, 4701]
[3784, 3785, 3786]
[3957, 2544, 2615]
[4058, 3719, 4057]
[4073, 4074, 4488]
[4179, 3965, 4178]
[4198, 4197, 4608]
[4226, 2611, 4225]
[4640, 2587, 4638]
[4728, 4494, 4729]
[22, 346]
[27, 482]
[43, 2962]
[48, 703]
[49, 674]
[51, 115]
[56, 357]
[62, 1284]
[64, 354]
[73, 344]
[84, 1281]
[90, 1277]
[113, 2748]
[117, 690]
[142, 3568]
[163, 673]
[196, 681]
[199, 3874]
[212, 832]
[220, 2759]
[223, 2758]
[232, 587]
[248, 2042]
[249, 2765]
[255, 264]
[263, 1739]
[280, 1336]
[285, 1768]
[292, 1285]
[293, 913]
[301, 315]
[325, 3971]
[329, 3801]
[337, 1802]
[348, 2885]
[349, 691]
[350, 2763]
[353, 705]
[356, 360]
[370, 762]
[373, 3496]
[390, 689]
[421, 3839]
[426, 1871]
[429, 1373]
[431, 449]
[434, 935]
[442, 444]
[446, 3090]
[471, 1874]
[483, 487]
[484, 2870]
[490, 910]
[531, 1807]
[545, 1393]
[549, 1722]
[550, 2464]
[564, 573]
[565, 754]
[566, 568]
[567, 1117]
[588, 1761]
[611, 2004]
[616, 1264]
[625, 645]
[629, 772]
[636, 3134]
[639, 1820]
[640, 3985]
[648, 657]
[682, 1322]
[684, 822]
[695, 1278]
[704, 2642]
[711, 713]
[712, 904]
[719, 723]
[724, 725]
[730, 2991]
[731, 2730]
[743, 2387]
[745, 750]
[756, 1116]
[774, 3914]
[776, 3049]
[796, 1507]
[797, 2329]
[799, 800]
[804, 1469]
[814, 3037]
[816, 1780]
[823, 2451]
[827, 830]
[872, 2190]
[878, 1073]
[887, 909]
[920, 923]
[929, 1413]
[937, 1994]
[944, 1121]
[952, 1415]
[967, 1144]
[988, 2643]
[991, 1048]
[996, 2053]
[1002, 3271]
[1007, 1014]
[1015, 1017]
[1018, 1022]
[1019, 1630]
[1020, 1787]
[1062, 1792]
[1076, 1484]
[1092, 3012]
[1094, 3109]
[1095, 1703]
[1096, 1097]
[1098, 1100]
[1102, 1147]
[1105, 2268]
[1129, 3989]
[1138, 1356]
[1146, 1148]
[1196, 1869]
[1203, 1208]
[1204, 1210]
[1209, 2766]
[1223, 1224]
[1240, 2809]
[1255, 1260]
[1258, 2938]
[1266, 2250]
[1270, 2421]
[1295, 1638]
[1298, 4092]
[1301, 3059]
[1317, 1326]
[1340, 1708]
[1352, 2706]
[1358, 2212]
[1359, 2213]
[1360, 4386]
[1366, 2704]
[1377, 2665]
[1380, 2733]
[1385, 3213]
[1388, 2701]
[1396, 3620]
[1398, 2248]
[1408, 3894]
[1414, 1855]
[1419, 2220]
[1422, 1769]
[1423, 2783]
[1425, 2242]
[1439, 2842]
[1449, 2235]
[1454, 2286]
[1459, 2258]
[1461, 2731]
[1471, 2047]
[1472, 2943]
[1473, 2946]
[1474, 2953]
[1482, 2847]
[1486, 2038]
[1491, 3004]
[1501, 2825]
[1503, 1563]
[1508, 2996]
[1519, 2048]
[1523, 2025]
[1553, 2621]
[1565, 2907]
[1569, 3018]
[1581, 3164]
[1586, 2293]
[1605, 1795]
[1621, 2051]
[1628, 3160]
[1629, 2346]
[1653, 2324]
[1663, 3247]
[1664, 3258]
[1669, 3516]
[1673, 2321]
[1677, 2010]
[1684, 3086]
[1688, 2341]
[1692, 3225]
[1694, 2366]
[1695, 2367]
[1696, 4635]
[1697, 3330]
[1702, 3357]
[1710, 2692]
[1720, 2952]
[1723, 3064]
[1735, 2071]
[1738, 2275]
[1740, 3313]
[1741, 3329]
[1756, 4584]
[1759, 3853]
[1763, 2841]
[1781, 2385]
[1796, 1898]
[1803, 3353]
[1811, 2972]
[1816, 3539]
[1827, 1977]
[1829, 3728]
[1836, 2683]
[1848, 2229]
[1849, 2705]
[1850, 2668]
[1852, 2002]
[1891, 2715]
[1893, 3266]
[1904, 3319]
[1908, 2398]
[1917, 3477]
[1920, 2427]
[1921, 3525]
[1926, 3543]
[1929, 2866]
[1932, 3575]
[1933, 3585]
[1939, 3607]
[1946, 3286]
[1950, 3653]
[1952, 3656]
[1966, 2608]
[2041, 2299]
[2043, 2992]
[2049, 4068]
[2064, 2348]
[2066, 3210]
[2068, 3233]
[2073, 3265]
[2074, 3272]
[2082, 3347]
[2085, 3379]
[2093, 3836]
[2102, 3518]
[2109, 3555]
[2113, 3571]
[2116, 3576]
[2119, 2446]
[2122, 3559]
[2123, 3621]
[2125, 3639]
[2134, 3680]
[2136, 3687]
[2139, 3712]
[2140, 3713]
[2142, 3733]
[2154, 3789]
[2155, 3790]
[2156, 3793]
[2161, 4110]
[2169, 3734]
[2174, 4138]
[2216, 2709]
[2237, 3370]
[2245, 2813]
[2259, 2843]
[2265, 2958]
[2301, 3843]
[2314, 3055]
[2334, 3111]
[2386, 3326]
[2397, 3368]
[2399, 3372]
[2401, 3404]
[2405, 2406]
[2415, 3458]
[2418, 3468]
[2435, 2436]
[2455, 3613]
[2459, 3641]
[2461, 3646]
[2468, 2469]
[2471, 2472]
[2484, 3760]
[2486, 3770]
[2490, 2491]
[2497, 3775]
[2498, 3378]
[2501, 2502]
[2503, 3783]
[2507, 3796]
[2508, 3798]
[2520, 3862]
[2522, 3869]
[2525, 3875]
[2526, 3893]
[2539, 3929]
[2542, 3952]
[2543, 3953]
[2545, 4636]
[2583, 3922]
[2618, 3799]
[2678, 3500]
[2722, 2723]
[2751, 3048]
[2752, 3387]
[2839, 3459]
[2851, 3148]
[2860, 3046]
[2873, 2874]
[2915, 2917]
[2919, 2920]
[2980, 2982]
[3038, 3156]
[3074, 3449]
[3095, 3097]
[3153, 3154]
[3315, 3316]
[3342, 4190]
[3399, 3400]
[3488, 3491]
[3494, 4116]
[3532, 3533]
[3557, 4153]
[3605, 4483]
[3654, 3655]
[3714, 3715]
[3749, 3750]
[3755, 3756]
[3778, 3915]
[3781, 4193]
[3824, 4570]
[3827, 3829]
[3845, 3846]
[3854, 3856]
[3864, 3865]
[3867, 3868]
[3889, 3890]
[3909, 3910]
[3930, 3931]
[3945, 3946]
[3954, 3956]
[3962, 3963]
[3967, 4637]
[3978, 3979]
[3997, 3998]
[3999, 4000]
[4001, 4002]
[4016, 4017]
[4038, 4039]
[4044, 4045]
[4051, 4052]
[4055, 4056]
[4065, 4066]
[4081, 4082]
[4106, 4107]
[4131, 4132]
[4143, 4144]
[4150, 4151]
[4158, 4159]
[4162, 4163]
[4166, 4167]
[4171, 4526]
[4176, 4177]
[4184, 4185]
[4195, 4196]
[4199, 4200]
[4201, 4202]
[4213, 4214]
[4215, 4216]
[4221, 4222]
[4229, 4230]
[4231, 4232]
[4233, 4234]
[4237, 4597]
[4243, 4244]
[4345, 4346]
[4440, 4520]
[4441, 4449]
[4546, 4688]
[4731, 4736]
[7]
[16]
[20]
[26]
[28]
[38]
[39]
[42]
[45]
[52]
[53]
[54]
[57]
[58]
[59]
[63]
[65]
[66]
[68]
[76]
[80]
[81]
[82]
[83]
[85]
[88]
[89]
[91]
[92]
[93]
[94]
[98]
[99]
[100]
[102]
[103]
[104]
[105]
[106]
[107]
[108]
[109]
[111]
[118]
[119]
[121]
[122]
[124]
[126]
[130]
[134]
[143]
[146]
[149]
[150]
[152]
[153]
[156]
[158]
[160]
[162]
[165]
[169]
[170]
[171]
[174]
[175]
[177]
[181]
[182]
[183]
[184]
[185]
[187]
[188]
[189]
[191]
[193]
[195]
[197]
[198]
[217]
[221]
[224]
[226]
[227]
[228]
[230]
[231]
[236]
[245]
[246]
[268]
[269]
[272]
[279]
[281]
[283]
[286]
[287]
[291]
[308]
[309]
[312]
[313]
[316]
[317]
[318]
[319]
[320]
[321]
[324]
[326]
[327]
[328]
[330]
[331]
[332]
[334]
[335]
[336]
[340]
[343]
[345]
[347]
[351]
[352]
[358]
[361]
[362]
[364]
[371]
[375]
[377]
[379]
[380]
[383]
[385]
[388]
[397]
[399]
[402]
[406]
[410]
[411]
[412]
[414]
[417]
[418]
[420]
[423]
[424]
[425]
[430]
[432]
[441]
[445]
[450]
[451]
[452]
[457]
[467]
[468]
[478]
[479]
[480]
[485]
[492]
[497]
[502]
[504]
[506]
[508]
[509]
[510]
[511]
[517]
[518]
[522]
[523]
[526]
[527]
[529]
[533]
[535]
[547]
[548]
[551]
[552]
[557]
[558]
[559]
[560]
[570]
[572]
[578]
[580]
[582]
[591]
[594]
[595]
[598]
[599]
[600]
[602]
[606]
[609]
[613]
[615]
[620]
[632]
[634]
[635]
[637]
[641]
[644]
[647]
[650]
[652]
[653]
[656]
[658]
[661]
[664]
[666]
[671]
[675]
[677]
[678]
[680]
[683]
[685]
[687]
[692]
[693]
[697]
[698]
[699]
[700]
[701]
[707]
[715]
[717]
[720]
[726]
[727]
[729]
[734]
[736]
[740]
[741]
[742]
[744]
[746]
[748]
[749]
[751]
[752]
[757]
[758]
[759]
[760]
[761]
[763]
[764]
[768]
[769]
[770]
[771]
[779]
[780]
[783]
[784]
[786]
[787]
[789]
[790]
[791]
[793]
[795]
[802]
[805]
[806]
[812]
[815]
[818]
[819]
[820]
[821]
[825]
[831]
[833]
[836]
[837]
[839]
[844]
[846]
[849]
[850]
[854]
[856]
[858]
[863]
[864]
[865]
[866]
[867]
[875]
[880]
[882]
[883]
[886]
[888]
[889]
[890]
[896]
[897]
[900]
[911]
[915]
[916]
[917]
[918]
[925]
[926]
[932]
[938]
[939]
[940]
[943]
[948]
[953]
[955]
[961]
[968]
[969]
[973]
[976]
[977]
[979]
[981]
[983]
[986]
[987]
[992]
[997]
[1003]
[1004]
[1010]
[1011]
[1012]
[1013]
[1016]
[1021]
[1023]
[1024]
[1025]
[1036]
[1042]
[1043]
[1044]
[1045]
[1046]
[1049]
[1052]
[1055]
[1059]
[1060]
[1061]
[1068]
[1069]
[1071]
[1077]
[1078]
[1087]
[1089]
[1090]
[1093]
[1101]
[1103]
[1104]
[1106]
[1112]
[1113]
[1115]
[1118]
[1123]
[1124]
[1125]
[1127]
[1128]
[1131]
[1132]
[1133]
[1135]
[1136]
[1141]
[1142]
[1143]
[1149]
[1150]
[1151]
[1154]
[1157]
[1158]
[1162]
[1173]
[1176]
[1177]
[1178]
[1179]
[1181]
[1183]
[1185]
[1187]
[1189]
[1192]
[1193]
[1197]
[1198]
[1199]
[1201]
[1213]
[1215]
[1216]
[1217]
[1221]
[1222]
[1227]
[1229]
[1231]
[1233]
[1235]
[1236]
[1237]
[1238]
[1242]
[1243]
[1244]
[1245]
[1246]
[1247]
[1252]
[1253]
[1257]
[1261]
[1262]
[1268]
[1279]
[1280]
[1288]
[1289]
[1291]
[1292]
[1293]
[1294]
[1296]
[1297]
[1299]
[1300]
[1303]
[1305]
[1308]
[1309]
[1312]
[1313]
[1319]
[1321]
[1328]
[1329]
[1333]
[1334]
[1335]
[1341]
[1342]
[1344]
[1346]
[1347]
[1349]
[1351]
[1357]
[1361]
[1364]
[1365]
[1367]
[1368]
[1369]
[1370]
[1371]
[1374]
[1375]
[1383]
[1389]
[1390]
[1399]
[1403]
[1404]
[1406]
[1407]
[1412]
[1416]
[1418]
[1424]
[1426]
[1427]
[1429]
[1430]
[1431]
[1433]
[1434]
[1435]
[1437]
[1440]
[1442]
[1443]
[1444]
[1445]
[1446]
[1448]
[1452]
[1456]
[1457]
[1458]
[1462]
[1464]
[1475]
[1476]
[1478]
[1479]
[1485]
[1487]
[1488]
[1489]
[1492]
[1493]
[1494]
[1495]
[1499]
[1504]
[1505]
[1509]
[1510]
[1511]
[1512]
[1516]
[1517]
[1518]
[1530]
[1531]
[1535]
[1537]
[1538]
[1541]
[1545]
[1546]
[1547]
[1548]
[1549]
[1550]
[1551]
[1552]
[1554]
[1555]
[1557]
[1564]
[1566]
[1570]
[1573]
[1576]
[1578]
[1579]
[1582]
[1585]
[1590]
[1593]
[1594]
[1596]
[1597]
[1598]
[1599]
[1601]
[1602]
[1612]
[1613]
[1614]
[1622]
[1624]
[1627]
[1631]
[1632]
[1633]
[1634]
[1635]
[1639]
[1641]
[1643]
[1646]
[1647]
[1649]
[1650]
[1654]
[1655]
[1656]
[1658]
[1660]
[1662]
[1665]
[1668]
[1675]
[1676]
[1678]
[1681]
[1686]
[1687]
[1691]
[1693]
[1700]
[1704]
[1707]
[1711]
[1713]
[1714]
[1715]
[1716]
[1719]
[1725]
[1726]
[1732]
[1734]
[1737]
[1743]
[1744]
[1745]
[1746]
[1747]
[1748]
[1750]
[1751]
[1752]
[1753]
[1754]
[1755]
[1764]
[1765]
[1771]
[1782]
[1786]
[1799]
[1801]
[1806]
[1810]
[1812]
[1814]
[1815]
[1817]
[1821]
[1822]
[1826]
[1828]
[1833]
[1835]
[1840]
[1843]
[1845]
[1846]
[1851]
[1853]
[1854]
[1856]
[1857]
[1863]
[1864]
[1865]
[1867]
[1870]
[1872]
[1876]
[1878]
[1883]
[1886]
[1887]
[1888]
[1889]
[1890]
[1892]
[1894]
[1901]
[1905]
[1911]
[1916]
[1918]
[1924]
[1928]
[1931]
[1934]
[1935]
[1936]
[1938]
[1940]
[1943]
[1947]
[1948]
[1949]
[1954]
[1955]
[1956]
[1957]
[1959]
[1960]
[1961]
[1962]
[1963]
[1964]
[1965]
[1967]
[1968]
[1969]
[1970]
[1972]
[1973]
[1974]
[1975]
[1976]
[1979]
[1980]
[1981]
[1982]
[1983]
[1984]
[1985]
[1986]
[1990]
[1992]
[1995]
[1996]
[2005]
[2007]
[2008]
[2011]
[2016]
[2020]
[2024]
[2026]
[2027]
[2028]
[2029]
[2030]
[2033]
[2034]
[2037]
[2039]
[2044]
[2045]
[2052]
[2054]
[2063]
[2065]
[2072]
[2076]
[2078]
[2080]
[2081]
[2083]
[2087]
[2094]
[2095]
[2097]
[2098]
[2099]
[2103]
[2104]
[2105]
[2112]
[2114]
[2115]
[2118]
[2124]
[2128]
[2129]
[2130]
[2131]
[2132]
[2135]
[2137]
[2138]
[2145]
[2146]
[2149]
[2152]
[2153]
[2157]
[2158]
[2159]
[2160]
[2162]
[2163]
[2164]
[2165]
[2166]
[2167]
[2168]
[2170]
[2171]
[2172]
[2173]
[2176]
[2179]
[2180]
[2181]
[2182]
[2184]
[2185]
[2186]
[2187]
[2188]
[2191]
[2193]
[2201]
[2202]
[2204]
[2205]
[2206]
[2210]
[2211]
[2215]
[2217]
[2218]
[2219]
[2224]
[2226]
[2228]
[2230]
[2231]
[2232]
[2233]
[2234]
[2236]
[2239]
[2240]
[2241]
[2243]
[2244]
[2246]
[2247]
[2249]
[2257]
[2263]
[2264]
[2267]
[2269]
[2270]
[2272]
[2273]
[2274]
[2276]
[2278]
[2280]
[2282]
[2283]
[2285]
[2287]
[2289]
[2290]
[2291]
[2292]
[2295]
[2302]
[2303]
[2304]
[2306]
[2311]
[2313]
[2315]
[2317]
[2322]
[2326]
[2330]
[2331]
[2332]
[2333]
[2335]
[2336]
[2342]
[2345]
[2347]
[2349]
[2350]
[2352]
[2353]
[2356]
[2358]
[2359]
[2361]
[2362]
[2363]
[2364]
[2365]
[2372]
[2373]
[2374]
[2375]
[2377]
[2380]
[2381]
[2382]
[2383]
[2384]
[2388]
[2400]
[2402]
[2403]
[2412]
[2413]
[2414]
[2417]
[2420]
[2422]
[2429]
[2430]
[2433]
[2434]
[2439]
[2441]
[2443]
[2444]
[2445]
[2448]
[2449]
[2450]
[2452]
[2453]
[2454]
[2457]
[2458]
[2462]
[2466]
[2470]
[2475]
[2477]
[2481]
[2483]
[2485]
[2489]
[2492]
[2493]
[2499]
[2509]
[2510]
[2511]
[2512]
[2513]
[2514]
[2515]
[2516]
[2518]
[2519]
[2521]
[2523]
[2524]
[2527]
[2528]
[2529]
[2530]
[2531]
[2532]
[2535]
[2536]
[2537]
[2546]
[2547]
[2548]
[2549]
[2550]
[2551]
[2552]
[2553]
[2554]
[2555]
[2556]
[2557]
[2558]
[2559]
[2560]
[2561]
[2562]
[2563]
[2564]
[2566]
[2567]
[2568]
[2569]
[2570]
[2571]
[2572]
[2573]
[2574]
[2575]
[2576]
[2577]
[2578]
[2579]
[2580]
[2581]
[2582]
[2584]
[2585]
[2586]
[2588]
[2589]
[2590]
[2591]
[2592]
[2593]
[2594]
[2595]
[2596]
[2597]
[2598]
[2599]
[2600]
[2601]
[2602]
[2603]
[2605]
[2606]
[2607]
[2610]
[2612]
[2613]
[2614]
[2616]
[2617]
[2619]
[2620]
[2623]
[2629]
[2632]
[2634]
[2635]
[2636]
[2638]
[2647]
[2649]
[2650]
[2652]
[2653]
[2658]
[2661]
[2662]
[2672]
[2673]
[2674]
[2680]
[2686]
[2693]
[2694]
[2695]
[2696]
[2697]
[2698]
[2699]
[2700]
[2702]
[2703]
[2708]
[2711]
[2712]
[2713]
[2714]
[2716]
[2717]
[2719]
[2721]
[2727]
[2729]
[2732]
[2736]
[2737]
[2741]
[2746]
[2747]
[2749]
[2750]
[2753]
[2755]
[2756]
[2757]
[2760]
[2761]
[2762]
[2764]
[2767]
[2768]
[2771]
[2773]
[2774]
[2776]
[2777]
[2778]
[2779]
[2780]
[2782]
[2784]
[2786]
[2787]
[2788]
[2790]
[2791]
[2792]
[2794]
[2795]
[2798]
[2800]
[2803]
[2804]
[2805]
[2806]
[2807]
[2808]
[2810]
[2814]
[2815]
[2817]
[2818]
[2822]
[2823]
[2826]
[2827]
[2831]
[2834]
[2835]
[2838]
[2840]
[2844]
[2845]
[2846]
[2849]
[2855]
[2857]
[2858]
[2859]
[2861]
[2862]
[2865]
[2867]
[2868]
[2869]
[2871]
[2872]
[2875]
[2876]
[2883]
[2886]
[2888]
[2889]
[2890]
[2891]
[2892]
[2893]
[2894]
[2898]
[2900]
[2902]
[2903]
[2908]
[2911]
[2914]
[2916]
[2921]
[2925]
[2927]
[2928]
[2932]
[2934]
[2935]
[2940]
[2942]
[2945]
[2947]
[2948]
[2954]
[2955]
[2957]
[2960]
[2966]
[2967]
[2971]
[2973]
[2975]
[2976]
[2983]
[2984]
[2985]
[2986]
[2990]
[2994]
[2995]
[2998]
[2999]
[3000]
[3001]
[3005]
[3007]
[3008]
[3009]
[3011]
[3015]
[3019]
[3020]
[3023]
[3026]
[3028]
[3031]
[3032]
[3036]
[3039]
[3040]
[3044]
[3045]
[3047]
[3050]
[3051]
[3052]
[3053]
[3057]
[3058]
[3060]
[3061]
[3062]
[3063]
[3065]
[3067]
[3076]
[3078]
[3079]
[3081]
[3087]
[3089]
[3092]
[3094]
[3096]
[3098]
[3100]
[3101]
[3103]
[3105]
[3106]
[3107]
[3108]
[3112]
[3113]
[3115]
[3121]
[3122]
[3125]
[3132]
[3133]
[3135]
[3136]
[3138]
[3142]
[3143]
[3145]
[3150]
[3151]
[3152]
[3155]
[3157]
[3159]
[3161]
[3167]
[3169]
[3170]
[3171]
[3172]
[3173]
[3174]
[3176]
[3178]
[3179]
[3180]
[3181]
[3183]
[3184]
[3185]
[3186]
[3187]
[3188]
[3189]
[3190]
[3191]
[3192]
[3193]
[3194]
[3195]
[3199]
[3201]
[3202]
[3203]
[3204]
[3205]
[3211]
[3212]
[3214]
[3215]
[3216]
[3217]
[3218]
[3226]
[3227]
[3228]
[3229]
[3230]
[3232]
[3234]
[3235]
[3236]
[3237]
[3238]
[3239]
[3240]
[3241]
[3242]
[3243]
[3246]
[3250]
[3251]
[3252]
[3253]
[3254]
[3255]
[3256]
[3257]
[3259]
[3263]
[3264]
[3267]
[3268]
[3270]
[3273]
[3274]
[3275]
[3276]
[3278]
[3281]
[3289]
[3290]
[3292]
[3295]
[3301]
[3302]
[3303]
[3306]
[3307]
[3308]
[3309]
[3310]
[3311]
[3312]
[3314]
[3318]
[3320]
[3321]
[3322]
[3325]
[3327]
[3328]
[3335]
[3340]
[3341]
[3343]
[3346]
[3348]
[3351]
[3352]
[3364]
[3367]
[3369]
[3371]
[3374]
[3375]
[3376]
[3377]
[3381]
[3382]
[3385]
[3386]
[3389]
[3390]
[3391]
[3396]
[3397]
[3407]
[3408]
[3417]
[3420]
[3434]
[3444]
[3447]
[3448]
[3450]
[3455]
[3456]
[3457]
[3460]
[3461]
[3462]
[3463]
[3465]
[3466]
[3467]
[3469]
[3471]
[3472]
[3473]
[3475]
[3476]
[3479]
[3481]
[3482]
[3483]
[3487]
[3489]
[3490]
[3492]
[3493]
[3497]
[3501]
[3502]
[3503]
[3504]
[3505]
[3506]
[3513]
[3514]
[3517]
[3520]
[3521]
[3526]
[3534]
[3537]
[3538]
[3540]
[3546]
[3548]
[3549]
[3556]
[3558]
[3562]
[3563]
[3564]
[3566]
[3567]
[3570]
[3573]
[3574]
[3577]
[3578]
[3579]
[3580]
[3581]
[3582]
[3583]
[3584]
[3586]
[3587]
[3588]
[3594]
[3598]
[3600]
[3604]
[3606]
[3608]
[3609]
[3612]
[3619]
[3622]
[3624]
[3625]
[3628]
[3629]
[3630]
[3631]
[3632]
[3635]
[3636]
[3637]
[3640]
[3642]
[3643]
[3647]
[3658]
[3660]
[3661]
[3662]
[3663]
[3664]
[3665]
[3668]
[3669]
[3670]
[3672]
[3673]
[3674]
[3675]
[3676]
[3677]
[3678]
[3681]
[3682]
[3683]
[3684]
[3685]
[3686]
[3691]
[3692]
[3693]
[3694]
[3695]
[3696]
[3697]
[3698]
[3705]
[3709]
[3716]
[3717]
[3718]
[3720]
[3723]
[3742]
[3745]
[3748]
[3752]
[3753]
[3754]
[3757]
[3759]
[3762]
[3763]
[3765]
[3766]
[3768]
[3769]
[3771]
[3773]
[3776]
[3779]
[3780]
[3782]
[3787]
[3791]
[3794]
[3795]
[3797]
[3800]
[3802]
[3803]
[3804]
[3805]
[3806]
[3807]
[3808]
[3809]
[3810]
[3811]
[3812]
[3813]
[3814]
[3815]
[3816]
[3817]
[3818]
[3819]
[3820]
[3822]
[3826]
[3828]
[3830]
[3831]
[3832]
[3835]
[3837]
[3838]
[3840]
[3841]
[3842]
[3844]
[3847]
[3848]
[3849]
[3850]
[3852]
[3863]
[3866]
[3870]
[3871]
[3872]
[3873]
[3876]
[3877]
[3878]
[3881]
[3884]
[3885]
[3886]
[3887]
[3888]
[3891]
[3895]
[3896]
[3897]
[3898]
[3899]
[3901]
[3903]
[3904]
[3905]
[3906]
[3907]
[3908]
[3911]
[3912]
[3932]
[3933]
[3934]
[3937]
[3939]
[3941]
[3942]
[3943]
[3944]
[3948]
[3949]
[3950]
[3955]
[3961]
[3968]
[3970]
[3972]
[3973]
[3974]
[3976]
[3977]
[3980]
[3981]
[3982]
[3983]
[3984]
[3986]
[3988]
[3990]
[3991]
[3992]
[3993]
[3994]
[3995]
[4003]
[4004]
[4005]
[4006]
[4007]
[4008]
[4009]
[4010]
[4011]
[4012]
[4013]
[4014]
[4015]
[4018]
[4019]
[4022]
[4023]
[4024]
[4025]
[4026]
[4027]
[4028]
[4029]
[4030]
[4031]
[4034]
[4035]
[4036]
[4037]
[4040]
[4041]
[4043]
[4046]
[4047]
[4048]
[4050]
[4053]
[4059]
[4060]
[4061]
[4062]
[4063]
[4064]
[4067]
[4069]
[4070]
[4071]
[4072]
[4075]
[4076]
[4077]
[4079]
[4080]
[4083]
[4084]
[4085]
[4086]
[4087]
[4088]
[4089]
[4090]
[4091]
[4093]
[4094]
[4095]
[4096]
[4097]
[4098]
[4099]
[4100]
[4101]
[4102]
[4103]
[4104]
[4108]
[4109]
[4113]
[4114]
[4115]
[4117]
[4118]
[4119]
[4120]
[4121]
[4122]
[4123]
[4124]
[4125]
[4127]
[4128]
[4129]
[4130]
[4133]
[4134]
[4136]
[4137]
[4139]
[4140]
[4141]
[4142]
[4145]
[4146]
[4147]
[4152]
[4154]
[4155]
[4156]
[4157]
[4160]
[4161]
[4164]
[4165]
[4168]
[4169]
[4170]
[4172]
[4173]
[4174]
[4175]
[4180]
[4181]
[4182]
[4183]
[4186]
[4187]
[4188]
[4189]
[4191]
[4194]
[4203]
[4204]
[4205]
[4206]
[4207]
[4208]
[4211]
[4217]
[4218]
[4219]
[4220]
[4227]
[4228]
[4235]
[4236]
[4238]
[4239]
[4240]
[4241]
[4242]
[4247]
[4248]
[4249]
[4250]
[4251]
[4252]
[4253]
[4254]
[4255]
[4256]
[4257]
[4258]
[4259]
[4260]
[4261]
[4262]
[4263]
[4264]
[4265]
[4266]
[4267]
[4268]
[4269]
[4270]
[4271]
[4272]
[4273]
[4274]
[4275]
[4276]
[4277]
[4278]
[4279]
[4280]
[4281]
[4282]
[4283]
[4284]
[4285]
[4286]
[4287]
[4288]
[4289]
[4290]
[4291]
[4292]
[4293]
[4294]
[4295]
[4296]
[4297]
[4298]
[4299]
[4300]
[4301]
[4302]
[4303]
[4304]
[4305]
[4306]
[4307]
[4308]
[4309]
[4310]
[4311]
[4313]
[4314]
[4315]
[4316]
[4317]
[4318]
[4319]
[4321]
[4322]
[4323]
[4324]
[4325]
[4326]
[4327]
[4328]
[4329]
[4330]
[4331]
[4332]
[4333]
[4334]
[4335]
[4336]
[4337]
[4338]
[4339]
[4340]
[4341]
[4343]
[4344]
[4347]
[4348]
[4349]
[4350]
[4351]
[4352]
[4353]
[4354]
[4355]
[4356]
[4357]
[4358]
[4359]
[4360]
[4361]
[4362]
[4363]
[4364]
[4365]
[4366]
[4367]
[4368]
[4369]
[4370]
[4371]
[4372]
[4373]
[4374]
[4375]
[4376]
[4377]
[4378]
[4379]
[4380]
[4381]
[4382]
[4383]
[4384]
[4385]
[4387]
[4388]
[4389]
[4390]
[4391]
[4393]
[4394]
[4395]
[4396]
[4397]
[4398]
[4399]
[4400]
[4401]
[4402]
[4403]
[4404]
[4405]
[4406]
[4407]
[4408]
[4409]
[4410]
[4411]
[4412]
[4413]
[4414]
[4415]
[4416]
[4417]
[4418]
[4419]
[4420]
[4421]
[4422]
[4423]
[4424]
[4425]
[4426]
[4427]
[4428]
[4429]
[4430]
[4431]
[4432]
[4433]
[4434]
[4435]
[4436]
[4437]
[4438]
[4439]
[4442]
[4443]
[4444]
[4445]
[4446]
[4447]
[4448]
[4450]
[4451]
[4452]
[4453]
[4454]
[4455]
[4456]
[4457]
[4458]
[4459]
[4460]
[4461]
[4462]
[4463]
[4464]
[4465]
[4466]
[4467]
[4468]
[4469]
[4470]
[4471]
[4472]
[4473]
[4474]
[4475]
[4476]
[4477]
[4478]
[4479]
[4480]
[4481]
[4482]
[4484]
[4485]
[4486]
[4487]
[4489]
[4490]
[4491]
[4492]
[4493]
[4495]
[4496]
[4497]
[4498]
[4499]
[4500]
[4501]
[4502]
[4503]
[4504]
[4505]
[4506]
[4507]
[4508]
[4509]
[4510]
[4511]
[4512]
[4513]
[4514]
[4515]
[4516]
[4517]
[4518]
[4519]
[4522]
[4523]
[4524]
[4527]
[4528]
[4529]
[4530]
[4531]
[4532]
[4533]
[4534]
[4535]
[4536]
[4537]
[4538]
[4540]
[4541]
[4543]
[4545]
[4547]
[4548]
[4549]
[4550]
[4551]
[4552]
[4553]
[4554]
[4555]
[4556]
[4557]
[4558]
[4559]
[4560]
[4561]
[4563]
[4565]
[4566]
[4567]
[4568]
[4569]
[4571]
[4572]
[4573]
[4574]
[4575]
[4576]
[4577]
[4578]
[4579]
[4580]
[4581]
[4582]
[4583]
[4585]
[4586]
[4587]
[4588]
[4589]
[4590]
[4591]
[4592]
[4593]
[4594]
[4595]
[4596]
[4598]
[4599]
[4600]
[4601]
[4602]
[4603]
[4604]
[4605]
[4606]
[4607]
[4609]
[4611]
[4612]
[4613]
[4614]
[4615]
[4616]
[4617]
[4618]
[4619]
[4620]
[4621]
[4623]
[4624]
[4625]
[4626]
[4627]
[4628]
[4629]
[4630]
[4631]
[4632]
[4633]
[4634]
[4639]
[4641]
[4642]
[4643]
[4644]
[4645]
[4647]
[4648]
[4649]
[4650]
[4651]
[4652]
[4653]
[4656]
[4658]
[4659]
[4660]
[4661]
[4662]
[4663]
[4664]
[4665]
[4666]
[4667]
[4668]
[4669]
[4670]
[4671]
[4672]
[4673]
[4674]
[4675]
[4676]
[4677]
[4678]
[4679]
[4680]
[4681]
[4682]
[4683]
[4684]
[4685]
[4686]
[4687]
[4689]
[4690]
[4691]
[4692]
[4693]
[4694]
[4695]
[4696]
[4697]
[4698]
[4699]
[4702]
[4703]
[4704]
[4705]
[4706]
[4707]
[4708]
[4709]
[4710]
[4711]
[4712]
[4713]
[4714]
[4715]
[4716]
[4717]
[4718]
[4719]
[4720]
[4721]
[4722]
[4723]
[4726]
[4727]
[4730]
[4732]
[4733]
[4734]
[4735]
[4737]
[4738]
[4739]
[4740]
[4741]
[4742]
[4743]
[4744]
[4745]
[4746]
[4747]
[4748]
[4749]
[4750]
[4751]
[4752]
[4753]
[4754]
[4755]
[4756]
[4757]
[4758]
[4759]
[4760]
[4761]
[4762]
[4763]
[4764]
[4765]
[4766]
[4767]
[4768]
[4769]
[4770]
[4771]
