[1, 2, 3, 4, 5, 6, 8, 9, 17, 19, 22, 23, 77, 79, 89, 107, 124, 130, 131, 140, 165, 172, 196, 198, 203, 206, 207, 227, 240, 280, 522, 599]
[931, 355, 606, 720, 1085, 1573, 1574, 1575, 1576, 1577, 1579, 1720, 2732]
[230, 288, 327, 351, 357, 363, 390, 566, 1308, 1309, 1310]
[228, 313, 513, 798, 799, 1168, 1170, 1171, 1172]
[232, 283, 315, 417, 521, 546, 811, 1233, 1322]
[304, 457, 536, 892, 1559, 1613, 1614, 2494, 2495]
[347, 545, 716, 1672, 1674, 1675, 1679, 1717, 1888]
[134, 147, 148, 157, 169, 256, 389, 1246]
[197, 201, 204, 205, 216, 565, 1190, 1523]
[245, 396, 446, 1189, 1228, 1229, 1230, 1232]
[2514, 793, 1068, 1999, 2000, 2293, 2489, 2513]
[16, 73, 75, 211, 252, 468, 1520]
[202, 48, 127, 231, 301, 1191, 1774]
[246, 395, 475, 938, 1339, 1342, 1343]
[290, 990, 1019, 1486, 1491, 1942, 1943]
[353, 339, 580, 581, 704, 848, 2061]
[362, 29, 60, 132, 177, 1258, 1288]
[402, 254, 677, 691, 1359, 1481, 1558]
[633, 319, 759, 765, 1040, 2039, 2181]
[2159, 1087, 1112, 2161, 2335, 2336, 2340]
[199, 97, 219, 220, 236, 435]
[279, 453, 512, 528, 1449, 1970]
[340, 602, 678, 847, 1366, 1600]
[429, 447, 1812, 1839, 2076, 2077]
[524, 259, 329, 1243, 1353, 1376]
[685, 397, 498, 1402, 1813, 2342]
[738, 620, 1869, 1870, 1871, 1872]
[1003, 387, 1863, 1864, 1865, 1866]
[1535, 886, 1536, 1921, 2145, 2147]
[2375, 1100, 2555, 2556, 2590, 2881]
[136, 138, 141, 1571, 1651]
[151, 62, 187, 193, 974]
[248, 375, 823, 1273, 1278]
[266, 671, 1283, 1285, 1820]
[268, 675, 1242, 1323, 1332]
[292, 891, 946, 2069, 2071]
[298, 489, 1474, 1670, 1986]
[316, 582, 753, 1404, 1935]
[322, 21, 144, 186, 1219]
[379, 571, 853, 898, 1583]
[382, 368, 725, 1735, 1737]
[407, 160, 222, 893, 1876]
[409, 509, 998, 1800, 1801]
[485, 378, 494, 979, 1757]
[542, 543, 719, 1680, 1702]
[596, 282, 609, 888, 1739]
[628, 751, 2232, 2233, 2234]
[706, 876, 1371, 1567, 1855]
[730, 615, 952, 1792, 1980]
[760, 1131, 1989, 1990, 1991]
[883, 284, 412, 971, 2445]
[939, 426, 940, 1740, 1741]
[1062, 1063, 2239, 2528, 2529]
[1220, 109, 1034, 1035, 1218]
[1605, 646, 1602, 2105, 2518]
[1836, 960, 961, 1764, 1837]
[2016, 414, 619, 782, 1005]
[10, 184, 239, 520]
[15, 162, 660, 1160]
[58, 142, 150, 1462]
[117, 35, 217, 569]
[212, 592, 794, 1154]
[213, 53, 122, 223]
[229, 314, 563, 1227]
[242, 1374, 1375, 1377]
[261, 393, 672, 813]
[264, 583, 1395, 1397]
[274, 578, 1184, 1188]
[293, 517, 1225, 1226]
[296, 1440, 1443, 1445]
[338, 574, 1263, 1916]
[356, 344, 922, 1666]
[359, 605, 1703, 2203]
[366, 584, 1698, 1700]
[398, 287, 1422, 1426]
[406, 595, 714, 1540]
[420, 303, 863, 1918]
[490, 718, 1596, 2395]
[501, 965, 966, 1849]
[505, 992, 2609, 2610]
[515, 373, 1530, 1534]
[564, 129, 328, 833]
[588, 251, 586, 1467]
[604, 970, 1667, 1668]
[629, 754, 1944, 1946]
[664, 267, 307, 394]
[702, 291, 1079, 1548]
[715, 1656, 1659, 1661]
[727, 643, 978, 1885]
[747, 625, 1281, 2629]
[757, 208, 1217, 1974]
[827, 294, 1271, 1276]
[881, 593, 906, 1853]
[904, 459, 1370, 1599]
[999, 1000, 1998, 2360]
[1023, 1055, 2094, 2210]
[1074, 1033, 2283, 2953]
[1321, 548, 836, 1319]
[1482, 224, 1480, 2014]
[1590, 1381, 1748, 2064]
[1611, 1561, 1610, 1615]
[1754, 1755, 2173, 2174]
[2030, 1681, 1682, 2027]
[2034, 764, 2033, 2035]
[2041, 766, 2040, 2042]
[2097, 1002, 2095, 2096]
[2116, 1027, 1133, 2117]
[2227, 2224, 2225, 2226]
[2237, 1061, 2689, 2857]
[2325, 963, 1841, 2324]
[2633, 2632, 2886, 2996]
[14, 36, 128]
[24, 38, 90]
[30, 95, 690]
[34, 341, 858]
[50, 137, 1254]
[63, 469, 1155]
[149, 191, 758]
[155, 185, 2088]
[181, 145, 167]
[233, 1356, 1507]
[235, 568, 1215]
[249, 1420, 1421]
[250, 1439, 2722]
[273, 855, 1628]
[277, 1351, 1923]
[278, 679, 2060]
[285, 594, 2887]
[317, 1620, 1621]
[318, 653, 1686]
[335, 1580, 1581]
[336, 1241, 1642]
[346, 1617, 1619]
[350, 533, 1250]
[360, 622, 733]
[361, 1867, 1895]
[367, 722, 1722]
[415, 761, 1994]
[421, 710, 954]
[430, 977, 1879]
[442, 418, 1284]
[445, 935, 1730]
[458, 712, 1222]
[462, 1009, 1883]
[504, 1951, 1952]
[514, 810, 842]
[516, 166, 1221]
[526, 18, 1316]
[531, 345, 1644]
[537, 538, 2084]
[539, 911, 1633]
[552, 991, 2391]
[554, 1976, 1977]
[570, 809, 1224]
[610, 1762, 2189]
[613, 1435, 1778]
[693, 1485, 1488]
[703, 1560, 2207]
[721, 444, 1810]
[724, 381, 1721]
[726, 488, 936]
[734, 1843, 1848]
[768, 942, 1745]
[770, 636, 2106]
[771, 2111, 2503]
[772, 2119, 2120]
[778, 779, 2139]
[850, 241, 1383]
[882, 441, 483]
[887, 1920, 2180]
[915, 423, 1504]
[933, 608, 684]
[943, 408, 1749]
[976, 739, 975]
[980, 744, 981]
[997, 635, 1993]
[1026, 2112, 2114]
[1044, 1119, 2785]
[1059, 2228, 2837]
[1064, 2240, 2243]
[1066, 2247, 2248]
[1101, 2379, 2882]
[1103, 2229, 2384]
[1129, 510, 2001]
[1132, 2004, 2538]
[1202, 1203, 1204]
[1282, 1325, 1326]
[1358, 476, 1360]
[1446, 1968, 2012]
[1454, 454, 1456]
[1460, 262, 1461]
[1557, 456, 890]
[1606, 1607, 1608]
[1673, 1677, 1718]
[1809, 275, 1379]
[1840, 410, 2724]
[1857, 1073, 2434]
[1922, 518, 843]
[1973, 1357, 2131]
[1997, 1797, 1995]
[2011, 507, 2010]
[2051, 1007, 2052]
[2085, 1020, 1490]
[2102, 1024, 2103]
[2128, 1710, 2129]
[2198, 1051, 2199]
[2216, 2212, 2564]
[2261, 2262, 2263]
[2330, 2328, 2329]
[2354, 2355, 2480]
[2376, 2377, 2378]
[2407, 1348, 1498]
[2409, 1247, 1249]
[2486, 2485, 2488]
[2580, 2579, 2783]
[2585, 2586, 2992]
[2619, 2620, 2961]
[2622, 2621, 2962]
[2801, 1098, 2370]
[11, 64]
[13, 1463]
[20, 120]
[25, 819]
[31, 116]
[33, 897]
[46, 735]
[51, 1468]
[52, 1387]
[56, 189]
[69, 590]
[74, 179]
[76, 126]
[81, 1874]
[85, 1292]
[105, 467]
[111, 119]
[112, 795]
[115, 1194]
[118, 1647]
[135, 711]
[152, 1650]
[153, 163]
[159, 1260]
[164, 773]
[195, 1638]
[263, 817]
[286, 796]
[289, 479]
[300, 1528]
[308, 849]
[310, 2158]
[321, 601]
[325, 1654]
[334, 1541]
[337, 1216]
[354, 597]
[370, 1799]
[374, 1210]
[384, 728]
[388, 662]
[416, 1196]
[419, 1747]
[424, 1671]
[438, 1412]
[448, 2327]
[449, 1950]
[451, 547]
[463, 2584]
[470, 1206]
[474, 1236]
[484, 2022]
[493, 1729]
[511, 2005]
[532, 1527]
[550, 558]
[561, 2151]
[576, 2352]
[577, 1345]
[585, 1427]
[587, 867]
[611, 1272]
[626, 1911]
[631, 1965]
[634, 780]
[638, 2013]
[640, 2049]
[642, 1794]
[647, 2108]
[649, 2118]
[665, 1208]
[668, 1237]
[669, 1238]
[681, 682]
[686, 1632]
[687, 917]
[692, 1824]
[695, 1508]
[700, 1542]
[705, 1362]
[708, 2322]
[717, 1738]
[737, 969]
[743, 2287]
[767, 2053]
[769, 2090]
[776, 2175]
[777, 1065]
[781, 2257]
[790, 2371]
[802, 1197]
[807, 1223]
[808, 1287]
[814, 834]
[838, 1330]
[854, 1396]
[877, 1503]
[879, 1512]
[909, 910]
[941, 1743]
[944, 2170]
[949, 1099]
[957, 1814]
[959, 1826]
[988, 2148]
[989, 1941]
[1008, 1146]
[1016, 2082]
[1022, 2089]
[1028, 2121]
[1031, 2130]
[1039, 2179]
[1041, 1042]
[1043, 2183]
[1056, 1057]
[1069, 2249]
[1070, 2256]
[1081, 2315]
[1083, 2317]
[1084, 2321]
[1086, 2323]
[1092, 2356]
[1093, 2362]
[1102, 1678]
[1167, 1176]
[1177, 1618]
[1201, 1373]
[1289, 1290]
[1306, 1307]
[1314, 1519]
[1327, 1329]
[1344, 2493]
[1354, 2186]
[1367, 1368]
[1369, 1856]
[1484, 1492]
[1489, 2311]
[1502, 2062]
[1515, 1516]
[1550, 1752]
[1552, 1553]
[1565, 1803]
[1592, 2164]
[1609, 1967]
[1657, 2070]
[1694, 1695]
[1705, 2197]
[1707, 1708]
[1715, 1716]
[1751, 1753]
[1759, 1760]
[1783, 1784]
[1785, 1789]
[1819, 1822]
[1821, 1823]
[1862, 2277]
[1896, 1897]
[1901, 1902]
[1914, 1915]
[1947, 1948]
[1954, 2214]
[2009, 2374]
[2023, 2024]
[2043, 2045]
[2050, 3002]
[2122, 2123]
[2141, 2144]
[2155, 2156]
[2194, 2195]
[2201, 2202]
[2205, 2206]
[2211, 2998]
[2219, 2220]
[2235, 2236]
[2252, 2253]
[2259, 2260]
[2272, 2274]
[2275, 2276]
[2288, 2289]
[2331, 2333]
[2364, 2365]
[2369, 2802]
[2387, 2388]
[2390, 2970]
[2410, 2411]
[2418, 2419]
[2425, 2426]
[2427, 2428]
[2431, 2432]
[2461, 2462]
[2481, 2482]
[2490, 2491]
[2496, 2497]
[2500, 2501]
[2507, 2508]
[2520, 2521]
[2534, 2535]
[2536, 2537]
[2539, 2540]
[2544, 2598]
[2547, 2548]
[2553, 2554]
[2557, 2558]
[2561, 2562]
[2565, 2566]
[2587, 2588]
[2591, 2592]
[2593, 2594]
[2603, 2604]
[2605, 2606]
[2613, 2614]
[2615, 2616]
[2627, 2628]
[2634, 2635]
[2695, 3031]
[2869, 2905]
[2896, 2897]
[2976, 2977]
[7]
[12]
[26]
[27]
[28]
[32]
[37]
[39]
[40]
[41]
[42]
[43]
[44]
[45]
[47]
[49]
[54]
[55]
[57]
[59]
[61]
[65]
[66]
[67]
[68]
[70]
[71]
[72]
[78]
[80]
[82]
[83]
[84]
[86]
[87]
[88]
[91]
[92]
[93]
[94]
[96]
[98]
[99]
[100]
[101]
[102]
[103]
[104]
[106]
[108]
[110]
[113]
[114]
[121]
[123]
[125]
[133]
[139]
[143]
[146]
[154]
[156]
[158]
[161]
[168]
[170]
[171]
[173]
[174]
[175]
[176]
[178]
[180]
[182]
[183]
[188]
[190]
[192]
[194]
[200]
[209]
[210]
[214]
[215]
[218]
[221]
[225]
[226]
[234]
[237]
[238]
[243]
[244]
[247]
[253]
[255]
[257]
[258]
[260]
[265]
[269]
[270]
[271]
[272]
[276]
[281]
[295]
[297]
[299]
[302]
[305]
[306]
[309]
[311]
[312]
[320]
[323]
[324]
[326]
[330]
[331]
[332]
[333]
[342]
[343]
[348]
[349]
[352]
[358]
[364]
[365]
[369]
[371]
[372]
[376]
[377]
[380]
[383]
[385]
[386]
[391]
[392]
[399]
[400]
[401]
[403]
[404]
[405]
[411]
[413]
[422]
[425]
[427]
[428]
[431]
[432]
[433]
[434]
[436]
[437]
[439]
[440]
[443]
[450]
[452]
[455]
[460]
[461]
[464]
[465]
[466]
[471]
[472]
[473]
[477]
[478]
[480]
[481]
[482]
[486]
[487]
[491]
[492]
[495]
[496]
[497]
[499]
[500]
[502]
[503]
[506]
[508]
[519]
[523]
[525]
[527]
[529]
[530]
[534]
[535]
[540]
[541]
[544]
[549]
[551]
[553]
[555]
[556]
[557]
[559]
[560]
[562]
[567]
[572]
[573]
[575]
[579]
[589]
[591]
[598]
[600]
[603]
[607]
[612]
[614]
[616]
[617]
[618]
[621]
[623]
[624]
[627]
[630]
[632]
[637]
[639]
[641]
[644]
[645]
[648]
[650]
[651]
[652]
[654]
[655]
[656]
[657]
[658]
[659]
[661]
[663]
[666]
[667]
[670]
[673]
[674]
[676]
[680]
[683]
[688]
[689]
[694]
[696]
[697]
[698]
[699]
[701]
[707]
[709]
[713]
[723]
[729]
[731]
[732]
[736]
[740]
[741]
[742]
[745]
[746]
[748]
[749]
[750]
[752]
[755]
[756]
[762]
[763]
[774]
[775]
[783]
[784]
[785]
[786]
[787]
[788]
[789]
[791]
[792]
[797]
[800]
[801]
[803]
[804]
[805]
[806]
[812]
[815]
[816]
[818]
[820]
[821]
[822]
[824]
[825]
[826]
[828]
[829]
[830]
[831]
[832]
[835]
[837]
[839]
[840]
[841]
[844]
[845]
[846]
[851]
[852]
[856]
[857]
[859]
[860]
[861]
[862]
[864]
[865]
[866]
[868]
[869]
[870]
[871]
[872]
[873]
[874]
[875]
[878]
[880]
[884]
[885]
[889]
[894]
[895]
[896]
[899]
[900]
[901]
[902]
[903]
[905]
[907]
[908]
[912]
[913]
[914]
[916]
[918]
[919]
[920]
[921]
[923]
[924]
[925]
[926]
[927]
[928]
[929]
[930]
[932]
[934]
[937]
[945]
[947]
[948]
[950]
[951]
[953]
[955]
[956]
[958]
[962]
[964]
[967]
[968]
[972]
[973]
[982]
[983]
[984]
[985]
[986]
[987]
[993]
[994]
[995]
[996]
[1001]
[1004]
[1006]
[1010]
[1011]
[1012]
[1013]
[1014]
[1015]
[1017]
[1018]
[1021]
[1025]
[1029]
[1030]
[1032]
[1036]
[1037]
[1038]
[1045]
[1046]
[1047]
[1048]
[1049]
[1050]
[1052]
[1053]
[1054]
[1058]
[1060]
[1067]
[1071]
[1072]
[1075]
[1076]
[1077]
[1078]
[1080]
[1082]
[1088]
[1089]
[1090]
[1091]
[1094]
[1095]
[1096]
[1097]
[1104]
[1105]
[1106]
[1107]
[1108]
[1109]
[1110]
[1111]
[1113]
[1114]
[1115]
[1116]
[1117]
[1118]
[1120]
[1121]
[1122]
[1123]
[1124]
[1125]
[1126]
[1127]
[1128]
[1130]
[1134]
[1135]
[1136]
[1137]
[1138]
[1139]
[1140]
[1141]
[1142]
[1143]
[1144]
[1145]
[1147]
[1148]
[1149]
[1150]
[1151]
[1152]
[1153]
[1156]
[1157]
[1158]
[1159]
[1161]
[1162]
[1163]
[1164]
[1165]
[1166]
[1169]
[1173]
[1174]
[1175]
[1178]
[1179]
[1180]
[1181]
[1182]
[1183]
[1185]
[1186]
[1187]
[1192]
[1193]
[1195]
[1198]
[1199]
[1200]
[1205]
[1207]
[1209]
[1211]
[1212]
[1213]
[1214]
[1231]
[1234]
[1235]
[1239]
[1240]
[1244]
[1245]
[1248]
[1251]
[1252]
[1253]
[1255]
[1256]
[1257]
[1259]
[1261]
[1262]
[1264]
[1265]
[1266]
[1267]
[1268]
[1269]
[1270]
[1274]
[1275]
[1277]
[1279]
[1280]
[1286]
[1291]
[1293]
[1294]
[1295]
[1296]
[1297]
[1298]
[1299]
[1300]
[1301]
[1302]
[1303]
[1304]
[1305]
[1311]
[1312]
[1313]
[1315]
[1317]
[1318]
[1320]
[1324]
[1328]
[1331]
[1333]
[1334]
[1335]
[1336]
[1337]
[1338]
[1340]
[1341]
[1346]
[1347]
[1349]
[1350]
[1352]
[1355]
[1361]
[1363]
[1364]
[1365]
[1372]
[1378]
[1380]
[1382]
[1384]
[1385]
[1386]
[1388]
[1389]
[1390]
[1391]
[1392]
[1393]
[1394]
[1398]
[1399]
[1400]
[1401]
[1403]
[1405]
[1406]
[1407]
[1408]
[1409]
[1410]
[1411]
[1413]
[1414]
[1415]
[1416]
[1417]
[1418]
[1419]
[1423]
[1424]
[1425]
[1428]
[1429]
[1430]
[1431]
[1432]
[1433]
[1434]
[1436]
[1437]
[1438]
[1441]
[1442]
[1444]
[1447]
[1448]
[1450]
[1451]
[1452]
[1453]
[1455]
[1457]
[1458]
[1459]
[1464]
[1465]
[1466]
[1469]
[1470]
[1471]
[1472]
[1473]
[1475]
[1476]
[1477]
[1478]
[1479]
[1483]
[1487]
[1493]
[1494]
[1495]
[1496]
[1497]
[1499]
[1500]
[1501]
[1505]
[1506]
[1509]
[1510]
[1511]
[1513]
[1514]
[1517]
[1518]
[1521]
[1522]
[1524]
[1525]
[1526]
[1529]
[1531]
[1532]
[1533]
[1537]
[1538]
[1539]
[1543]
[1544]
[1545]
[1546]
[1547]
[1549]
[1551]
[1554]
[1555]
[1556]
[1562]
[1563]
[1564]
[1566]
[1568]
[1569]
[1570]
[1572]
[1578]
[1582]
[1584]
[1585]
[1586]
[1587]
[1588]
[1589]
[1591]
[1593]
[1594]
[1595]
[1597]
[1598]
[1601]
[1603]
[1604]
[1612]
[1616]
[1622]
[1623]
[1624]
[1625]
[1626]
[1627]
[1629]
[1630]
[1631]
[1634]
[1635]
[1636]
[1637]
[1639]
[1640]
[1641]
[1643]
[1645]
[1646]
[1648]
[1649]
[1652]
[1653]
[1655]
[1658]
[1660]
[1662]
[1663]
[1664]
[1665]
[1669]
[1676]
[1683]
[1684]
[1685]
[1687]
[1688]
[1689]
[1690]
[1691]
[1692]
[1693]
[1696]
[1697]
[1699]
[1701]
[1704]
[1706]
[1709]
[1711]
[1712]
[1713]
[1714]
[1719]
[1723]
[1724]
[1725]
[1726]
[1727]
[1728]
[1731]
[1732]
[1733]
[1734]
[1736]
[1742]
[1744]
[1746]
[1750]
[1756]
[1758]
[1761]
[1763]
[1765]
[1766]
[1767]
[1768]
[1769]
[1770]
[1771]
[1772]
[1773]
[1775]
[1776]
[1777]
[1779]
[1780]
[1781]
[1782]
[1786]
[1787]
[1788]
[1790]
[1791]
[1793]
[1795]
[1796]
[1798]
[1802]
[1804]
[1805]
[1806]
[1807]
[1808]
[1811]
[1815]
[1816]
[1817]
[1818]
[1825]
[1827]
[1828]
[1829]
[1830]
[1831]
[1832]
[1833]
[1834]
[1835]
[1838]
[1842]
[1844]
[1845]
[1846]
[1847]
[1850]
[1851]
[1852]
[1854]
[1858]
[1859]
[1860]
[1861]
[1868]
[1873]
[1875]
[1877]
[1878]
[1880]
[1881]
[1882]
[1884]
[1886]
[1887]
[1889]
[1890]
[1891]
[1892]
[1893]
[1894]
[1898]
[1899]
[1900]
[1903]
[1904]
[1905]
[1906]
[1907]
[1908]
[1909]
[1910]
[1912]
[1913]
[1917]
[1919]
[1924]
[1925]
[1926]
[1927]
[1928]
[1929]
[1930]
[1931]
[1932]
[1933]
[1934]
[1936]
[1937]
[1938]
[1939]
[1940]
[1945]
[1949]
[1953]
[1955]
[1956]
[1957]
[1958]
[1959]
[1960]
[1961]
[1962]
[1963]
[1964]
[1966]
[1969]
[1971]
[1972]
[1975]
[1978]
[1979]
[1981]
[1982]
[1983]
[1984]
[1985]
[1987]
[1988]
[1992]
[1996]
[2002]
[2003]
[2006]
[2007]
[2008]
[2015]
[2017]
[2018]
[2019]
[2020]
[2021]
[2025]
[2026]
[2028]
[2029]
[2031]
[2032]
[2036]
[2037]
[2038]
[2044]
[2046]
[2047]
[2048]
[2054]
[2055]
[2056]
[2057]
[2058]
[2059]
[2063]
[2065]
[2066]
[2067]
[2068]
[2072]
[2073]
[2074]
[2075]
[2078]
[2079]
[2080]
[2081]
[2083]
[2086]
[2087]
[2091]
[2092]
[2093]
[2098]
[2099]
[2100]
[2101]
[2104]
[2107]
[2109]
[2110]
[2113]
[2115]
[2124]
[2125]
[2126]
[2127]
[2132]
[2133]
[2134]
[2135]
[2136]
[2137]
[2138]
[2140]
[2142]
[2143]
[2146]
[2149]
[2150]
[2152]
[2153]
[2154]
[2157]
[2160]
[2162]
[2163]
[2165]
[2166]
[2167]
[2168]
[2169]
[2171]
[2172]
[2176]
[2177]
[2178]
[2182]
[2184]
[2185]
[2187]
[2188]
[2190]
[2191]
[2192]
[2193]
[2196]
[2200]
[2204]
[2208]
[2209]
[2213]
[2215]
[2217]
[2218]
[2221]
[2222]
[2223]
[2230]
[2231]
[2238]
[2241]
[2242]
[2244]
[2245]
[2246]
[2250]
[2251]
[2254]
[2255]
[2258]
[2264]
[2265]
[2266]
[2267]
[2268]
[2269]
[2270]
[2271]
[2273]
[2278]
[2279]
[2280]
[2281]
[2282]
[2284]
[2285]
[2286]
[2290]
[2291]
[2292]
[2294]
[2295]
[2296]
[2297]
[2298]
[2299]
[2300]
[2301]
[2302]
[2303]
[2304]
[2305]
[2306]
[2307]
[2308]
[2309]
[2310]
[2312]
[2313]
[2314]
[2316]
[2318]
[2319]
[2320]
[2326]
[2332]
[2334]
[2337]
[2338]
[2339]
[2341]
[2343]
[2344]
[2345]
[2346]
[2347]
[2348]
[2349]
[2350]
[2351]
[2353]
[2357]
[2358]
[2359]
[2361]
[2363]
[2366]
[2367]
[2368]
[2372]
[2373]
[2380]
[2381]
[2382]
[2383]
[2385]
[2386]
[2389]
[2392]
[2393]
[2394]
[2396]
[2397]
[2398]
[2399]
[2400]
[2401]
[2402]
[2403]
[2404]
[2405]
[2406]
[2408]
[2412]
[2413]
[2414]
[2415]
[2416]
[2417]
[2420]
[2421]
[2422]
[2423]
[2424]
[2429]
[2430]
[2433]
[2435]
[2436]
[2437]
[2438]
[2439]
[2440]
[2441]
[2442]
[2443]
[2444]
[2446]
[2447]
[2448]
[2449]
[2450]
[2451]
[2452]
[2453]
[2454]
[2455]
[2456]
[2457]
[2458]
[2459]
[2460]
[2463]
[2464]
[2465]
[2466]
[2467]
[2468]
[2469]
[2470]
[2471]
[2472]
[2473]
[2474]
[2475]
[2476]
[2477]
[2478]
[2479]
[2483]
[2484]
[2487]
[2492]
[2498]
[2499]
[2502]
[2504]
[2505]
[2506]
[2509]
[2510]
[2511]
[2512]
[2515]
[2516]
[2517]
[2519]
[2522]
[2523]
[2524]
[2525]
[2526]
[2527]
[2530]
[2531]
[2532]
[2533]
[2541]
[2542]
[2543]
[2545]
[2546]
[2549]
[2550]
[2551]
[2552]
[2559]
[2560]
[2563]
[2567]
[2568]
[2569]
[2570]
[2571]
[2572]
[2573]
[2574]
[2575]
[2576]
[2577]
[2578]
[2581]
[2582]
[2583]
[2589]
[2595]
[2596]
[2597]
[2599]
[2600]
[2601]
[2602]
[2607]
[2608]
[2611]
[2612]
[2617]
[2618]
[2623]
[2624]
[2625]
[2626]
[2630]
[2631]
[2636]
[2637]
[2638]
[2639]
[2640]
[2641]
[2642]
[2643]
[2644]
[2645]
[2646]
[2647]
[2648]
[2649]
[2650]
[2651]
[2652]
[2653]
[2654]
[2655]
[2656]
[2657]
[2658]
[2659]
[2660]
[2661]
[2662]
[2663]
[2664]
[2665]
[2666]
[2667]
[2668]
[2669]
[2670]
[2671]
[2672]
[2673]
[2674]
[2675]
[2676]
[2677]
[2678]
[2679]
[2680]
[2681]
[2682]
[2683]
[2684]
[2685]
[2686]
[2687]
[2688]
[2690]
[2691]
[2692]
[2693]
[2694]
[2696]
[2697]
[2698]
[2699]
[2700]
[2701]
[2702]
[2703]
[2704]
[2705]
[2706]
[2707]
[2708]
[2709]
[2710]
[2711]
[2712]
[2713]
[2714]
[2715]
[2716]
[2717]
[2718]
[2719]
[2720]
[2721]
[2723]
[2725]
[2726]
[2727]
[2728]
[2729]
[2730]
[2731]
[2733]
[2734]
[2735]
[2736]
[2737]
[2738]
[2739]
[2740]
[2741]
[2742]
[2743]
[2744]
[2745]
[2746]
[2747]
[2748]
[2749]
[2750]
[2751]
[2752]
[2753]
[2754]
[2755]
[2756]
[2757]
[2758]
[2759]
[2760]
[2761]
[2762]
[2763]
[2764]
[2765]
[2766]
[2767]
[2768]
[2769]
[2770]
[2771]
[2772]
[2773]
[2774]
[2775]
[2776]
[2777]
[2778]
[2779]
[2780]
[2781]
[2782]
[2784]
[2786]
[2787]
[2788]
[2789]
[2790]
[2791]
[2792]
[2793]
[2794]
[2795]
[2796]
[2797]
[2798]
[2799]
[2800]
[2803]
[2804]
[2805]
[2806]
[2807]
[2808]
[2809]
[2810]
[2811]
[2812]
[2813]
[2814]
[2815]
[2816]
[2817]
[2818]
[2819]
[2820]
[2821]
[2822]
[2823]
[2824]
[2825]
[2826]
[2827]
[2828]
[2829]
[2830]
[2831]
[2832]
[2833]
[2834]
[2835]
[2836]
[2838]
[2839]
[2840]
[2841]
[2842]
[2843]
[2844]
[2845]
[2846]
[2847]
[2848]
[2849]
[2850]
[2851]
[2852]
[2853]
[2854]
[2855]
[2856]
[2858]
[2859]
[2860]
[2861]
[2862]
[2863]
[2864]
[2865]
[2866]
[2867]
[2868]
[2870]
[2871]
[2872]
[2873]
[2874]
[2875]
[2876]
[2877]
[2878]
[2879]
[2880]
[2883]
[2884]
[2885]
[2888]
[2889]
[2890]
[2891]
[2892]
[2893]
[2894]
[2895]
[2898]
[2899]
[2900]
[2901]
[2902]
[2903]
[2904]
[2906]
[2907]
[2908]
[2909]
[2910]
[2911]
[2912]
[2913]
[2914]
[2915]
[2916]
[2917]
[2918]
[2919]
[2920]
[2921]
[2922]
[2923]
[2924]
[2925]
[2926]
[2927]
[2928]
[2929]
[2930]
[2931]
[2932]
[2933]
[2934]
[2935]
[2936]
[2937]
[2938]
[2939]
[2940]
[2941]
[2942]
[2943]
[2944]
[2945]
[2946]
[2947]
[2948]
[2949]
[2950]
[2951]
[2952]
[2954]
[2955]
[2956]
[2957]
[2958]
[2959]
[2960]
[2963]
[2964]
[2965]
[2966]
[2967]
[2968]
[2969]
[2971]
[2972]
[2973]
[2974]
[2975]
[2978]
[2979]
[2980]
[2981]
[2982]
[2983]
[2984]
[2985]
[2986]
[2987]
[2988]
[2989]
[2990]
[2991]
[2993]
[2994]
[2995]
[2997]
[2999]
[3000]
[3001]
[3003]
[3004]
[3005]
[3006]
[3007]
[3008]
[3009]
[3010]
[3011]
[3012]
[3013]
[3014]
[3015]
[3016]
[3017]
[3018]
[3019]
[3020]
[3021]
[3022]
[3023]
[3024]
[3025]
[3026]
[3027]
[3028]
[3029]
[3030]
[3032]
[3033]
[3034]
[3035]
[3036]
[3037]
