[1, 2, 3, 4, 5, 6, 8, 9, 10, 11, 12, 13, 15, 19, 21, 23, 26, 27, 30, 34, 37, 43, 44, 58, 60, 80, 97, 519]
[134, 135, 136, 139, 145, 147, 220, 691, 701, 1178, 1235, 1488, 1489]
[261, 16, 79, 89, 95, 105, 119, 188, 194, 196, 686, 804, 1333]
[101, 68, 102, 103, 104, 106, 116, 120, 128, 445]
[1413, 360, 889, 1414, 1415, 1416, 1417, 1918, 2120, 2121]
[213, 246, 670, 671, 1091, 1092, 1093, 1327]
[228, 329, 618, 673, 714, 823, 1096, 1099]
[980, 1915, 1916, 1917, 2106, 2107, 2109, 2228]
[1419, 324, 361, 417, 483, 1566, 1567, 2159]
[211, 265, 327, 498, 597, 1102, 1103]
[257, 334, 621, 697, 1197, 1519, 1884]
[268, 501, 730, 1375, 1376, 1377, 2368]
[291, 450, 594, 699, 1221, 1225, 1438]
[377, 778, 892, 1456, 1836, 2058, 2060]
[553, 566, 741, 923, 1374, 1558, 1679]
[938, 939, 1620, 1621, 1622, 1623, 1661]
[1080, 154, 156, 158, 263, 309, 1529]
[1291, 305, 826, 877, 1290, 1366, 1700]
[1512, 562, 609, 731, 1800, 1877, 1878]
[57, 434, 490, 798, 874, 1037]
[279, 258, 679, 1116, 1117, 1307]
[298, 503, 733, 834, 1256, 1272]
[313, 345, 622, 865, 1246, 1432]
[337, 884, 885, 955, 1392, 1393]
[705, 297, 320, 1280, 1281, 1282]
[1457, 878, 1781, 1909, 2066, 2302]
[1502, 750, 1503, 1504, 1937, 1938]
[1571, 485, 509, 927, 979, 1572]
[1868, 710, 1486, 1603, 1869, 1890]
[46, 54, 192, 370, 799]
[150, 947, 1544, 1545, 1686]
[207, 522, 811, 1075, 1076]
[210, 284, 425, 661, 1141]
[226, 752, 942, 1199, 1200]
[331, 1422, 1829, 1830, 1831]
[354, 544, 581, 1094, 1329]
[364, 149, 627, 1487, 2284]
[415, 1538, 2069, 2070, 2257]
[484, 746, 1574, 1575, 1576]
[539, 408, 704, 1368, 1716]
[556, 1581, 1582, 1583, 1632]
[563, 628, 1612, 1614, 1615]
[606, 45, 81, 836, 1353]
[633, 1683, 1684, 1723, 1724]
[637, 1198, 1584, 1702, 1703]
[902, 393, 586, 901, 1739]
[1255, 476, 1082, 1253, 1254]
[1266, 248, 1209, 1268, 1269]
[1372, 357, 683, 1153, 1668]
[1409, 386, 887, 888, 1411]
[1483, 954, 1482, 1484, 1741]
[1499, 262, 1001, 1362, 1498]
[1823, 760, 946, 961, 2096]
[1846, 641, 1728, 1845, 1847]
[1879, 956, 1793, 1795, 1880]
[48, 98, 719, 1110]
[148, 142, 1147, 1176]
[153, 171, 182, 205]
[163, 76, 725, 1380]
[206, 405, 662, 806]
[208, 31, 801, 1036]
[214, 689, 1171, 2225]
[219, 435, 700, 1390]
[225, 383, 688, 1168]
[251, 328, 467, 1257]
[252, 681, 684, 1151]
[254, 534, 1263, 1264]
[273, 452, 721, 1370]
[294, 526, 831, 1127]
[312, 1187, 1306, 1511]
[315, 872, 1271, 2201]
[318, 613, 623, 987]
[347, 727, 1430, 1431]
[363, 734, 1425, 1480]
[372, 494, 685, 1156]
[418, 1550, 1551, 1682]
[436, 918, 1543, 2276]
[458, 84, 577, 1560]
[524, 180, 636, 1693]
[536, 576, 1336, 1342]
[549, 1228, 1533, 1699]
[555, 465, 803, 1596]
[568, 1708, 1709, 1790]
[712, 302, 1314, 1315]
[1070, 666, 1671, 1672]
[1130, 407, 1133, 1241]
[1347, 303, 1349, 1350]
[1382, 385, 1381, 1398]
[1467, 59, 110, 895]
[1607, 561, 1449, 2080]
[1631, 500, 711, 1634]
[1656, 564, 787, 1655]
[1687, 634, 1688, 1689]
[1726, 763, 789, 1727]
[1805, 773, 1803, 1804]
[1972, 1973, 1974, 2312]
[7, 66, 1627]
[17, 40, 64]
[35, 25, 668]
[108, 32, 495]
[129, 620, 1517]
[137, 446, 1562]
[161, 173, 181]
[176, 87, 1101]
[184, 160, 1029]
[197, 189, 551]
[209, 809, 1071]
[218, 695, 1172]
[221, 680, 1143]
[230, 1146, 1569]
[245, 1122, 1472]
[287, 1206, 1330]
[290, 775, 1807]
[301, 591, 1185]
[307, 1423, 1570]
[332, 1428, 1429]
[346, 1426, 1427]
[362, 611, 1448]
[375, 610, 959]
[382, 645, 928]
[389, 1527, 1528]
[398, 625, 1442]
[400, 907, 1838]
[404, 224, 818]
[406, 474, 1184]
[413, 736, 1500]
[453, 513, 1505]
[457, 922, 1557]
[488, 1690, 1943]
[505, 1516, 1518]
[541, 1436, 1439]
[629, 1616, 1617]
[674, 1104, 1106]
[690, 1174, 1455]
[702, 359, 703]
[751, 1636, 1637]
[827, 472, 1997]
[861, 1214, 1298]
[873, 716, 1340]
[912, 455, 1537]
[924, 925, 1595]
[994, 1013, 1979]
[1011, 2116, 2158]
[1019, 867, 2311]
[1170, 533, 813]
[1278, 600, 1302]
[1300, 292, 864]
[1521, 506, 909]
[1579, 371, 667]
[1609, 1610, 1611]
[1740, 640, 1444]
[1757, 769, 1758]
[1826, 1825, 1827]
[1840, 1841, 1843]
[1907, 270, 1906]
[2010, 1717, 2009]
[2034, 2033, 2210]
[2040, 293, 765]
[2388, 2125, 2331]
[29, 53]
[63, 122]
[65, 1352]
[75, 589]
[82, 1048]
[85, 169]
[99, 107]
[109, 112]
[111, 1387]
[141, 848]
[155, 1032]
[159, 575]
[162, 698]
[166, 299]
[170, 468]
[186, 588]
[191, 351]
[202, 724]
[203, 869]
[215, 1173]
[227, 592]
[229, 1140]
[232, 1098]
[242, 1265]
[243, 1549]
[249, 466]
[253, 518]
[260, 1305]
[267, 1308]
[271, 1304]
[276, 1237]
[280, 708]
[281, 1328]
[295, 1445]
[304, 1822]
[310, 1249]
[314, 1317]
[316, 1412]
[321, 814]
[323, 1273]
[326, 1421]
[336, 1182]
[339, 403]
[344, 1286]
[350, 1138]
[352, 1385]
[353, 893]
[356, 1027]
[358, 428]
[365, 1494]
[376, 543]
[378, 1525]
[379, 1526]
[397, 876]
[399, 1485]
[410, 1177]
[412, 1477]
[416, 917]
[420, 1568]
[423, 1123]
[426, 1134]
[427, 493]
[449, 1384]
[459, 1573]
[460, 779]
[461, 1587]
[470, 1113]
[477, 1373]
[486, 1748]
[508, 742]
[510, 1597]
[511, 1599]
[515, 1645]
[517, 2089]
[529, 839]
[530, 1190]
[547, 1162]
[548, 1531]
[554, 743]
[557, 1585]
[558, 2064]
[574, 2172]
[579, 1401]
[580, 1068]
[595, 1223]
[596, 1248]
[607, 882]
[619, 905]
[631, 1651]
[644, 1755]
[647, 1762]
[649, 2290]
[653, 795]
[658, 989]
[669, 1090]
[718, 1360]
[720, 1343]
[722, 723]
[729, 1447]
[747, 1602]
[758, 1676]
[759, 1681]
[770, 1760]
[774, 1806]
[777, 1821]
[782, 1886]
[785, 2297]
[792, 1971]
[817, 1643]
[819, 1088]
[833, 1154]
[837, 1992]
[840, 883]
[842, 1179]
[846, 1211]
[859, 1367]
[891, 1451]
[903, 1892]
[908, 948]
[950, 1701]
[951, 1711]
[962, 963]
[972, 1871]
[977, 2006]
[984, 1935]
[988, 2223]
[995, 1980]
[1007, 1819]
[1030, 1034]
[1051, 1052]
[1054, 1057]
[1065, 1331]
[1107, 1124]
[1181, 1183]
[1191, 1580]
[1207, 1208]
[1213, 1219]
[1215, 1218]
[1229, 1669]
[1311, 1318]
[1322, 1323]
[1334, 1541]
[1346, 2028]
[1348, 1725]
[1410, 1949]
[1458, 2059]
[1522, 1524]
[1539, 1927]
[1540, 1542]
[1548, 2002]
[1593, 1782]
[1625, 1626]
[1640, 1641]
[1642, 1652]
[1659, 1663]
[1685, 2258]
[1710, 1885]
[1715, 2018]
[1718, 1720]
[1742, 1744]
[1784, 1785]
[1788, 1904]
[1799, 1802]
[1808, 1809]
[1833, 1834]
[1837, 1839]
[1852, 1853]
[1887, 1947]
[1894, 1895]
[1897, 1898]
[1940, 2072]
[1951, 2262]
[1961, 1963]
[1975, 1977]
[1987, 1988]
[2003, 2156]
[2013, 2293]
[2014, 2015]
[2021, 2022]
[2023, 2024]
[2031, 2032]
[2035, 2036]
[2044, 2045]
[2067, 2068]
[2077, 2078]
[2081, 2082]
[2085, 2086]
[2090, 2091]
[2097, 2279]
[2100, 2101]
[2112, 2113]
[2114, 2115]
[2118, 2119]
[2122, 2123]
[2126, 2127]
[2128, 2129]
[2252, 2301]
[14]
[18]
[20]
[22]
[24]
[28]
[33]
[36]
[38]
[39]
[41]
[42]
[47]
[49]
[50]
[51]
[52]
[55]
[56]
[61]
[62]
[67]
[69]
[70]
[71]
[72]
[73]
[74]
[77]
[78]
[83]
[86]
[88]
[90]
[91]
[92]
[93]
[94]
[96]
[100]
[113]
[114]
[115]
[117]
[118]
[121]
[123]
[124]
[125]
[126]
[127]
[130]
[131]
[132]
[133]
[138]
[140]
[143]
[144]
[146]
[151]
[152]
[157]
[164]
[165]
[167]
[168]
[172]
[174]
[175]
[177]
[178]
[179]
[183]
[185]
[187]
[190]
[193]
[195]
[198]
[199]
[200]
[201]
[204]
[212]
[216]
[217]
[222]
[223]
[231]
[233]
[234]
[235]
[236]
[237]
[238]
[239]
[240]
[241]
[244]
[247]
[250]
[255]
[256]
[259]
[264]
[266]
[269]
[272]
[274]
[275]
[277]
[278]
[282]
[283]
[285]
[286]
[288]
[289]
[296]
[300]
[306]
[308]
[311]
[317]
[319]
[322]
[325]
[330]
[333]
[335]
[338]
[340]
[341]
[342]
[343]
[348]
[349]
[355]
[366]
[367]
[368]
[369]
[373]
[374]
[380]
[381]
[384]
[387]
[388]
[390]
[391]
[392]
[394]
[395]
[396]
[401]
[402]
[409]
[411]
[414]
[419]
[421]
[422]
[424]
[429]
[430]
[431]
[432]
[433]
[437]
[438]
[439]
[440]
[441]
[442]
[443]
[444]
[447]
[448]
[451]
[454]
[456]
[462]
[463]
[464]
[469]
[471]
[473]
[475]
[478]
[479]
[480]
[481]
[482]
[487]
[489]
[491]
[492]
[496]
[497]
[499]
[502]
[504]
[507]
[512]
[514]
[516]
[520]
[521]
[523]
[525]
[527]
[528]
[531]
[532]
[535]
[537]
[538]
[540]
[542]
[545]
[546]
[550]
[552]
[559]
[560]
[565]
[567]
[569]
[570]
[571]
[572]
[573]
[578]
[582]
[583]
[584]
[585]
[587]
[590]
[593]
[598]
[599]
[601]
[602]
[603]
[604]
[605]
[608]
[612]
[614]
[615]
[616]
[617]
[624]
[626]
[630]
[632]
[635]
[638]
[639]
[642]
[643]
[646]
[648]
[650]
[651]
[652]
[654]
[655]
[656]
[657]
[659]
[660]
[663]
[664]
[665]
[672]
[675]
[676]
[677]
[678]
[682]
[687]
[692]
[693]
[694]
[696]
[706]
[707]
[709]
[713]
[715]
[717]
[726]
[728]
[732]
[735]
[737]
[738]
[739]
[740]
[744]
[745]
[748]
[749]
[753]
[754]
[755]
[756]
[757]
[761]
[762]
[764]
[766]
[767]
[768]
[771]
[772]
[776]
[780]
[781]
[783]
[784]
[786]
[788]
[790]
[791]
[793]
[794]
[796]
[797]
[800]
[802]
[805]
[807]
[808]
[810]
[812]
[815]
[816]
[820]
[821]
[822]
[824]
[825]
[828]
[829]
[830]
[832]
[835]
[838]
[841]
[843]
[844]
[845]
[847]
[849]
[850]
[851]
[852]
[853]
[854]
[855]
[856]
[857]
[858]
[860]
[862]
[863]
[866]
[868]
[870]
[871]
[875]
[879]
[880]
[881]
[886]
[890]
[894]
[896]
[897]
[898]
[899]
[900]
[904]
[906]
[910]
[911]
[913]
[914]
[915]
[916]
[919]
[920]
[921]
[926]
[929]
[930]
[931]
[932]
[933]
[934]
[935]
[936]
[937]
[940]
[941]
[943]
[944]
[945]
[949]
[952]
[953]
[957]
[958]
[960]
[964]
[965]
[966]
[967]
[968]
[969]
[970]
[971]
[973]
[974]
[975]
[976]
[978]
[981]
[982]
[983]
[985]
[986]
[990]
[991]
[992]
[993]
[996]
[997]
[998]
[999]
[1000]
[1002]
[1003]
[1004]
[1005]
[1006]
[1008]
[1009]
[1010]
[1012]
[1014]
[1015]
[1016]
[1017]
[1018]
[1020]
[1021]
[1022]
[1023]
[1024]
[1025]
[1026]
[1028]
[1031]
[1033]
[1035]
[1038]
[1039]
[1040]
[1041]
[1042]
[1043]
[1044]
[1045]
[1046]
[1047]
[1049]
[1050]
[1053]
[1055]
[1056]
[1058]
[1059]
[1060]
[1061]
[1062]
[1063]
[1064]
[1066]
[1067]
[1069]
[1072]
[1073]
[1074]
[1077]
[1078]
[1079]
[1081]
[1083]
[1084]
[1085]
[1086]
[1087]
[1089]
[1095]
[1097]
[1100]
[1105]
[1108]
[1109]
[1111]
[1112]
[1114]
[1115]
[1118]
[1119]
[1120]
[1121]
[1125]
[1126]
[1128]
[1129]
[1131]
[1132]
[1135]
[1136]
[1137]
[1139]
[1142]
[1144]
[1145]
[1148]
[1149]
[1150]
[1152]
[1155]
[1157]
[1158]
[1159]
[1160]
[1161]
[1163]
[1164]
[1165]
[1166]
[1167]
[1169]
[1175]
[1180]
[1186]
[1188]
[1189]
[1192]
[1193]
[1194]
[1195]
[1196]
[1201]
[1202]
[1203]
[1204]
[1205]
[1210]
[1212]
[1216]
[1217]
[1220]
[1222]
[1224]
[1226]
[1227]
[1230]
[1231]
[1232]
[1233]
[1234]
[1236]
[1238]
[1239]
[1240]
[1242]
[1243]
[1244]
[1245]
[1247]
[1250]
[1251]
[1252]
[1258]
[1259]
[1260]
[1261]
[1262]
[1267]
[1270]
[1274]
[1275]
[1276]
[1277]
[1279]
[1283]
[1284]
[1285]
[1287]
[1288]
[1289]
[1292]
[1293]
[1294]
[1295]
[1296]
[1297]
[1299]
[1301]
[1303]
[1309]
[1310]
[1312]
[1313]
[1316]
[1319]
[1320]
[1321]
[1324]
[1325]
[1326]
[1332]
[1335]
[1337]
[1338]
[1339]
[1341]
[1344]
[1345]
[1351]
[1354]
[1355]
[1356]
[1357]
[1358]
[1359]
[1361]
[1363]
[1364]
[1365]
[1369]
[1371]
[1378]
[1379]
[1383]
[1386]
[1388]
[1389]
[1391]
[1394]
[1395]
[1396]
[1397]
[1399]
[1400]
[1402]
[1403]
[1404]
[1405]
[1406]
[1407]
[1408]
[1418]
[1420]
[1424]
[1433]
[1434]
[1435]
[1437]
[1440]
[1441]
[1443]
[1446]
[1450]
[1452]
[1453]
[1454]
[1459]
[1460]
[1461]
[1462]
[1463]
[1464]
[1465]
[1466]
[1468]
[1469]
[1470]
[1471]
[1473]
[1474]
[1475]
[1476]
[1478]
[1479]
[1481]
[1490]
[1491]
[1492]
[1493]
[1495]
[1496]
[1497]
[1501]
[1506]
[1507]
[1508]
[1509]
[1510]
[1513]
[1514]
[1515]
[1520]
[1523]
[1530]
[1532]
[1534]
[1535]
[1536]
[1546]
[1547]
[1552]
[1553]
[1554]
[1555]
[1556]
[1559]
[1561]
[1563]
[1564]
[1565]
[1577]
[1578]
[1586]
[1588]
[1589]
[1590]
[1591]
[1592]
[1594]
[1598]
[1600]
[1601]
[1604]
[1605]
[1606]
[1608]
[1613]
[1618]
[1619]
[1624]
[1628]
[1629]
[1630]
[1633]
[1635]
[1638]
[1639]
[1644]
[1646]
[1647]
[1648]
[1649]
[1650]
[1653]
[1654]
[1657]
[1658]
[1660]
[1662]
[1664]
[1665]
[1666]
[1667]
[1670]
[1673]
[1674]
[1675]
[1677]
[1678]
[1680]
[1691]
[1692]
[1694]
[1695]
[1696]
[1697]
[1698]
[1704]
[1705]
[1706]
[1707]
[1712]
[1713]
[1714]
[1719]
[1721]
[1722]
[1729]
[1730]
[1731]
[1732]
[1733]
[1734]
[1735]
[1736]
[1737]
[1738]
[1743]
[1745]
[1746]
[1747]
[1749]
[1750]
[1751]
[1752]
[1753]
[1754]
[1756]
[1759]
[1761]
[1763]
[1764]
[1765]
[1766]
[1767]
[1768]
[1769]
[1770]
[1771]
[1772]
[1773]
[1774]
[1775]
[1776]
[1777]
[1778]
[1779]
[1780]
[1783]
[1786]
[1787]
[1789]
[1791]
[1792]
[1794]
[1796]
[1797]
[1798]
[1801]
[1810]
[1811]
[1812]
[1813]
[1814]
[1815]
[1816]
[1817]
[1818]
[1820]
[1824]
[1828]
[1832]
[1835]
[1842]
[1844]
[1848]
[1849]
[1850]
[1851]
[1854]
[1855]
[1856]
[1857]
[1858]
[1859]
[1860]
[1861]
[1862]
[1863]
[1864]
[1865]
[1866]
[1867]
[1870]
[1872]
[1873]
[1874]
[1875]
[1876]
[1881]
[1882]
[1883]
[1888]
[1889]
[1891]
[1893]
[1896]
[1899]
[1900]
[1901]
[1902]
[1903]
[1905]
[1908]
[1910]
[1911]
[1912]
[1913]
[1914]
[1919]
[1920]
[1921]
[1922]
[1923]
[1924]
[1925]
[1926]
[1928]
[1929]
[1930]
[1931]
[1932]
[1933]
[1934]
[1936]
[1939]
[1941]
[1942]
[1944]
[1945]
[1946]
[1948]
[1950]
[1952]
[1953]
[1954]
[1955]
[1956]
[1957]
[1958]
[1959]
[1960]
[1962]
[1964]
[1965]
[1966]
[1967]
[1968]
[1969]
[1970]
[1976]
[1978]
[1981]
[1982]
[1983]
[1984]
[1985]
[1986]
[1989]
[1990]
[1991]
[1993]
[1994]
[1995]
[1996]
[1998]
[1999]
[2000]
[2001]
[2004]
[2005]
[2007]
[2008]
[2011]
[2012]
[2016]
[2017]
[2019]
[2020]
[2025]
[2026]
[2027]
[2029]
[2030]
[2037]
[2038]
[2039]
[2041]
[2042]
[2043]
[2046]
[2047]
[2048]
[2049]
[2050]
[2051]
[2052]
[2053]
[2054]
[2055]
[2056]
[2057]
[2061]
[2062]
[2063]
[2065]
[2071]
[2073]
[2074]
[2075]
[2076]
[2079]
[2083]
[2084]
[2087]
[2088]
[2092]
[2093]
[2094]
[2095]
[2098]
[2099]
[2102]
[2103]
[2104]
[2105]
[2108]
[2110]
[2111]
[2117]
[2124]
[2130]
[2131]
[2132]
[2133]
[2134]
[2135]
[2136]
[2137]
[2138]
[2139]
[2140]
[2141]
[2142]
[2143]
[2144]
[2145]
[2146]
[2147]
[2148]
[2149]
[2150]
[2151]
[2152]
[2153]
[2154]
[2155]
[2157]
[2160]
[2161]
[2162]
[2163]
[2164]
[2165]
[2166]
[2167]
[2168]
[2169]
[2170]
[2171]
[2173]
[2174]
[2175]
[2176]
[2177]
[2178]
[2179]
[2180]
[2181]
[2182]
[2183]
[2184]
[2185]
[2186]
[2187]
[2188]
[2189]
[2190]
[2191]
[2192]
[2193]
[2194]
[2195]
[2196]
[2197]
[2198]
[2199]
[2200]
[2202]
[2203]
[2204]
[2205]
[2206]
[2207]
[2208]
[2209]
[2211]
[2212]
[2213]
[2214]
[2215]
[2216]
[2217]
[2218]
[2219]
[2220]
[2221]
[2222]
[2224]
[2226]
[2227]
[2229]
[2230]
[2231]
[2232]
[2233]
[2234]
[2235]
[2236]
[2237]
[2238]
[2239]
[2240]
[2241]
[2242]
[2243]
[2244]
[2245]
[2246]
[2247]
[2248]
[2249]
[2250]
[2251]
[2253]
[2254]
[2255]
[2256]
[2259]
[2260]
[2261]
[2263]
[2264]
[2265]
[2266]
[2267]
[2268]
[2269]
[2270]
[2271]
[2272]
[2273]
[2274]
[2275]
[2277]
[2278]
[2280]
[2281]
[2282]
[2283]
[2285]
[2286]
[2287]
[2288]
[2289]
[2291]
[2292]
[2294]
[2295]
[2296]
[2298]
[2299]
[2300]
[2303]
[2304]
[2305]
[2306]
[2307]
[2308]
[2309]
[2310]
[2313]
[2314]
[2315]
[2316]
[2317]
[2318]
[2319]
[2320]
[2321]
[2322]
[2323]
[2324]
[2325]
[2326]
[2327]
[2328]
[2329]
[2330]
[2332]
[2333]
[2334]
[2335]
[2336]
[2337]
[2338]
[2339]
[2340]
[2341]
[2342]
[2343]
[2344]
[2345]
[2346]
[2347]
[2348]
[2349]
[2350]
[2351]
[2352]
[2353]
[2354]
[2355]
[2356]
[2357]
[2358]
[2359]
[2360]
[2361]
[2362]
[2363]
[2364]
[2365]
[2366]
[2367]
[2369]
[2370]
[2371]
[2372]
[2373]
[2374]
[2375]
[2376]
[2377]
[2378]
[2379]
[2380]
[2381]
[2382]
[2383]
[2384]
[2385]
[2386]
[2387]
[2389]
[2390]
[2391]
[2392]
[2393]
[2394]
[2395]
[2396]
[2397]
[2398]
[2399]
[2400]
[2401]
[2402]
[2403]
[2404]
[2405]
[2406]
[2407]
[2408]
[2409]
[2410]
[2411]
[2412]
